1889 10 1889.790    3.4   2.6    31  
1889 11 1889.874    0.3   2.0    30  
1889 12 1889.958   11.2   4.1    31  
1890 01 1890.042    8.8   3.6    31  
1890 02 1890.123    1.1   2.2    28  
1890 03 1890.204    8.5   3.6    31  
1890 04 1890.288    2.7   2.5    30  
1890 05 1890.371    7.9   3.5    31  
1890 06 1890.455    2.2   2.4    30  
1890 07 1890.538   19.3   5.1    31  
1890 08 1890.623   14.2   4.4    31  
1890 09 1890.707   28.6   6.0    30  
1890 10 1890.790   18.6   5.0    31  
1890 11 1890.874   15.9   4.7    30  
1890 12 1890.958   13.1   4.2    31  
1891 01 1891.042   22.5   5.5    31  
1891 02 1891.123   36.9   6.9    28  
1891 03 1891.204   17.2   4.7    31  
1891 04 1891.288   34.2   6.6    30  
1891 05 1891.371   68.5   9.3    31  
1891 06 1891.455   80.4  10.1    30  
1891 07 1891.538   98.0  11.1    31  
1891 08 1891.623   55.1   8.3    31  
1891 09 1891.707   89.7  10.7    30  
1891 10 1891.790   86.0  10.4    31  
1891 11 1891.874   69.8   9.4    30  
1891 12 1891.958   54.3   8.3    31  
1892 01 1892.042  115.2  12.1    31  
1892 02 1892.124  126.1  12.6    29  
1892 03 1892.206   83.3  10.3    31  
1892 04 1892.290  116.0  12.1    30  
1892 05 1892.373  132.7  12.9    31  
1892 06 1892.456  127.3  12.7    30  
1892 07 1892.540  127.6  12.7    31  
1892 08 1892.624  169.0  14.6    31  
1892 09 1892.708  104.7  11.5    30  
1892 10 1892.791  117.5  12.2    31  
1892 11 1892.874  108.9  11.7    30  
1892 12 1892.958  131.0  12.9    31  
1893 01 1893.042  125.0  10.0    31  
1893 02 1893.123  121.6   9.8    28  
1893 03 1893.204  109.5   9.3    31  
1893 04 1893.288  146.8  10.8    30  
1893 05 1893.371  141.3  10.6    31  
1893 06 1893.455  149.8  10.9    30  
1893 07 1893.538  147.6  10.9    31  
1893 08 1893.623  215.4  13.1    31  
1893 09 1893.707  129.9  10.2    30  
1893 10 1893.790  133.3  10.3    31  
1893 11 1893.874  125.2  10.0    30  
1893 12 1893.958  156.4  11.2    31  
1894 01 1894.042  138.6  10.5    31  
1894 02 1894.123  141.0  10.6    28  
1894 03 1894.204   87.1   8.3    31  
1894 04 1894.288  136.0  10.4    30  
1894 05 1894.371  168.7  11.6    31  
1894 06 1894.455  164.8  11.5    30  
1894 07 1894.538  176.7  11.9    31  
1894 08 1894.623  117.1   9.6    31  
1894 09 1894.707  110.0   9.4    30  
1894 10 1894.790  125.7  10.0    31  
1894 11 1894.874   94.3   8.7    30  
1894 12 1894.958  100.1   8.9    31  
1895 01 1895.042  105.4   9.2    31  
1895 02 1895.123  112.0   9.4    28  
1895 03 1895.204  101.6   9.0    31  
1895 04 1895.288  128.2  10.1    30  
1895 05 1895.371  112.5   9.4    31  
1895 06 1895.455  119.1   9.7    30  
1895 07 1895.538   79.7   8.0    31  
1895 08 1895.623  114.9   9.6    31  
1895 09 1895.707   96.1   8.8    30  
1895 10 1895.790  113.2   9.5    31  
1895 11 1895.874   78.6   7.9    30  
1895 12 1895.958  117.9   9.7    31  
1896 01 1896.042   48.4   6.2    31  
1896 02 1896.124   95.7   8.7    29  
1896 03 1896.206   86.5   8.3    31  
1896 04 1896.290   73.0   7.6    30  
1896 05 1896.373   46.1   6.1    31  
1896 06 1896.456   81.7   8.1    30  
1896 07 1896.540   75.2   7.7    31  
1896 08 1896.624   45.4   6.0    31  
1896 09 1896.708  102.2   9.0    30  
1896 10 1896.791   47.9   6.2    31  
1896 11 1896.874   63.3   7.1    30  
1896 12 1896.958   71.0   7.5    31  
1897 01 1897.042   67.6   7.3    31  
1897 02 1897.123   49.0   6.2    28  
1897 03 1897.204   48.7   6.2    31  
1897 04 1897.288   51.7   6.4    30  
1897 05 1897.371   33.3   5.2    31  
1897 06 1897.455   18.9   4.0    30  
1897 07 1897.538   46.1   6.1    31  
1897 08 1897.623   36.4   5.4    31  
1897 09 1897.707   80.4   8.0    30  
1897 10 1897.790   23.9   4.5    31  
1897 11 1897.874   14.0   3.5    30  
1897 12 1897.958   55.5   6.7    31  
1898 01 1898.042   50.4   6.3    31  
1898 02 1898.123   60.7   7.0    28  
1898 03 1898.204   63.9   7.2    31  
1898 04 1898.288   24.2   4.5    30  
1898 05 1898.371   43.0   5.9    31  
1898 06 1898.455   37.1   5.4    30  
1898 07 1898.538   15.0   3.7    31  
1898 08 1898.623   52.3   6.5    31  
1898 09 1898.707   58.1   6.8    30  
1898 10 1898.790   57.1   6.8    31  
1898 11 1898.874   51.6   6.4    30  
1898 12 1898.958   21.1   4.2    31  
1899 01 1899.042   32.4   5.1    31  
1899 02 1899.123   15.3   3.7    28  
1899 03 1899.204   30.3   5.0    31  
1899 04 1899.288   23.6   4.4    30  
1899 05 1899.371   12.9   3.3    31  
1899 06 1899.455   34.1   5.2    30  
1899 07 1899.538   22.5   4.4    31  
1899 08 1899.623    4.9   2.6    31  
1899 09 1899.707   14.0   3.5    30  
1899 10 1899.790   21.7   4.4    31  
1899 11 1899.874   13.0   3.4    30  
1899 12 1899.958   17.6   3.9    31  
1900 01 1900.042   15.7   3.7    31  
1900 02 1900.123   22.8   4.5    28  
1900 03 1900.204   14.4   3.6    31  
1900 04 1900.288   26.8   4.6    30  
1900 05 1900.371   25.3   4.6    31  
1900 06 1900.455   20.1   4.2    30  
1900 07 1900.538   13.9   3.6    31  
1900 08 1900.623    7.1   2.9    31  
1900 09 1900.707   13.9   3.6    30  
1900 10 1900.790   21.6   4.3    31  
1900 11 1900.874    7.5   2.9    30  
1900 12 1900.958    0.5   2.0    31  
1901 01 1901.042    0.4   2.0    31  
1901 02 1901.123    4.0   2.4    28  
1901 03 1901.204    7.4   3.0    31  
1901 04 1901.288    0.0   2.0    30  
1901 05 1901.371   17.0   4.0    31  
1901 06 1901.455    9.7   3.1    30  
1901 07 1901.538    1.2   2.1    31  
1901 08 1901.623    1.7   2.2    31  
1901 09 1901.707    0.9   2.1    30  
1901 10 1901.790    6.3   2.8    31  
1901 11 1901.874    6.4   2.7    30  
1901 12 1901.958    0.0   2.0    31  
1902 01 1902.042    9.3   3.2    31  
1902 02 1902.123    0.0   2.0    28  
1902 03 1902.204   20.7   4.3    31  
1902 04 1902.288    0.0   2.0    30  
1902 05 1902.371    4.7   2.5    31  
1902 06 1902.455    2.4   2.3    30  
1902 07 1902.538    1.5   2.2    31  
1902 08 1902.623    3.8   2.4    31  
1902 09 1902.707   12.6   3.5    30  
1902 10 1902.790   27.2   4.7    31  
1902 11 1902.874   17.2   4.0    30  
1902 12 1902.958    1.8   2.2    31  
1903 01 1903.042   13.9   3.5    31  
1903 02 1903.123   28.4   4.8    28  
1903 03 1903.204   22.5   4.4    31  
1903 04 1903.288   43.5   5.9    30  
1903 05 1903.371   24.3   4.5    31  
1903 06 1903.455   27.2   4.7    30  
1903 07 1903.538   46.4   6.1    31  
1903 08 1903.623   48.0   6.2    31  
1903 09 1903.707   18.5   4.0    30  
1903 10 1903.790   64.8   7.2    31  
1903 11 1903.874   74.2   7.7    30  
1903 12 1903.958   76.2   7.8    31  
1904 01 1904.042   52.6   6.5    31  
1904 02 1904.124   40.8   5.7    29  
1904 03 1904.206   61.9   7.0    31  
1904 04 1904.290   71.6   7.6    30  
1904 05 1904.373   65.7   7.2    31  
1904 06 1904.456   69.8   7.5    30  
1904 07 1904.540   84.3   8.2    31  
1904 08 1904.624   97.1   8.8    31  
1904 09 1904.708   50.2   6.3    30  
1904 10 1904.791   90.4   8.5    31  
1904 11 1904.874   63.4   7.1    30  
1904 12 1904.958   91.1   8.5    31  
1905 01 1905.042   91.2   8.5    31  
1905 02 1905.123  143.0  10.7    28  
1905 03 1905.204   94.3   8.7    31  
1905 04 1905.288   65.5   7.2    30  
1905 05 1905.371   79.9   8.0    31  
1905 06 1905.455   81.6   8.1    30  
1905 07 1905.538  121.6   9.8    31  
1905 08 1905.623   98.1   8.8    31  
1905 09 1905.707   91.8   8.5    30  
1905 10 1905.790  131.2  10.2    31  
1905 11 1905.874  178.7  11.9    30  
1905 12 1905.958   92.5   8.6    31  
1906 01 1906.042   75.8   7.8    31  
1906 02 1906.123   52.3   6.5    28  
1906 03 1906.204  107.4   9.2    31  
1906 04 1906.288   92.2   8.6    30  
1906 05 1906.371   96.2   8.7    31  
1906 06 1906.455  105.3   9.2    30  
1906 07 1906.538  172.7  11.7    31  
1906 08 1906.623   79.6   8.0    31  
1906 09 1906.707   93.5   8.6    30  
1906 10 1906.790   29.7   4.9    31  
1906 11 1906.874   64.8   7.2    30  
1906 12 1906.958  108.0   9.3    31  
1907 01 1907.042  127.4  10.1    31  
1907 02 1907.123  180.3  12.0    28  
1907 03 1907.204  101.1   9.0    31  
1907 04 1907.288   87.6   8.4    30  
1907 05 1907.371   71.4   7.5    31  
1907 06 1907.455   67.2   7.3    30  
1907 07 1907.538   82.9   8.1    31  
1907 08 1907.623   90.5   8.5    31  
1907 09 1907.707  141.7  10.6    30  
1907 10 1907.790  109.1   9.3    31  
1907 11 1907.874  102.5   9.0    30  
1907 12 1907.958   78.9   7.9    31  
1908 01 1908.042   65.4   7.2    31  
1908 02 1908.124   56.6   6.7    29  
1908 03 1908.206   47.9   6.2    31  
1908 04 1908.290   96.1   8.7    30  
1908 05 1908.373   68.0   7.4    31  
1908 06 1908.456   80.2   8.0    30  
1908 07 1908.540   65.8   7.2    31  
1908 08 1908.624  150.9  11.0    31  
1908 09 1908.708  144.9  10.7    30  
1908 10 1908.791   53.9   6.6    31  
1908 11 1908.874   75.9   7.8    30  
1908 12 1908.958   65.9   7.2    31  
1909 01 1909.042   94.6   8.7    31  
1909 02 1909.123   77.6   7.9    28  
1909 03 1909.204  110.5   9.4    31  
1909 04 1909.288   53.7   6.5    30  
1909 05 1909.371   60.0   6.9    31  
1909 06 1909.455   37.8   5.5    30  
1909 07 1909.538   59.6   6.9    31  
1909 08 1909.623   38.5   5.5    31  
1909 09 1909.707   64.7   7.2    30  
1909 10 1909.790   97.4   8.8    31  
1909 11 1909.874   93.0   8.6    30  
1909 12 1909.958   90.2   8.5    31  
1910 01 1910.042   44.0   5.9    31  
1910 02 1910.123   52.5   6.5    28  
1910 03 1910.204   35.7   5.3    31  
1910 04 1910.288   14.1   3.5    30  
1910 05 1910.371   36.9   5.4    31  
1910 06 1910.455   20.5   4.1    30  
1910 07 1910.538   23.5   4.4    31  
1910 08 1910.623   19.3   4.1    31  
1910 09 1910.707   43.7   5.9    30  
1910 10 1910.790   63.9   7.1    31  
1910 11 1910.874    8.3   3.0    30  
1910 12 1910.958    9.6   3.1    31  
1911 01 1911.042    5.6   2.6    31  
1911 02 1911.123   15.0   3.7    28  
1911 03 1911.204   13.0   3.5    31  
1911 04 1911.288   27.6   4.7    30  
1911 05 1911.371   15.1   3.7    31  
1911 06 1911.455    3.7   2.4    30  
1911 07 1911.538    5.9   2.7    31  
1911 08 1911.623    6.7   2.7    31  
1911 09 1911.707    6.7   2.8    30  
1911 10 1911.790    4.5   2.5    31  
1911 11 1911.874    7.0   2.7    30  
1911 12 1911.958    3.7   2.4    31  
1912 01 1912.042    0.4   2.1    31  
1912 02 1912.124    0.0   2.0    29  
1912 03 1912.206    8.2   2.9    31  
1912 04 1912.290    7.6   3.0    30  
1912 05 1912.373    7.4   2.8    31  
1912 06 1912.456    6.9   2.7    30  
1912 07 1912.540    4.9   2.6    31  
1912 08 1912.624    0.5   2.1    31  
1912 09 1912.708   15.9   3.7    30  
1912 10 1912.791    7.6   3.0    31  
1912 11 1912.874    1.9   2.3    30  
1912 12 1912.958   10.6   3.3    31  
1913 01 1913.042    3.8   2.4    31  
1913 02 1913.123    4.8   2.6    28  
1913 03 1913.204    0.8   2.1    31  
1913 04 1913.288    1.6   2.2    30  
1913 05 1913.371    0.0   2.0    31  
1913 06 1913.455    0.0   2.0    30  
1913 07 1913.538    2.9   2.4    31  
1913 08 1913.623    0.4   2.0    31  
1913 09 1913.707    2.0   2.3    30  
1913 10 1913.790    5.2   2.6    31  
1913 11 1913.874    1.2   2.1    30  
1913 12 1913.958    6.3   2.8    31  
1914 01 1914.042    4.7   2.6    31  
1914 02 1914.123    4.4   2.5    28  
1914 03 1914.204    5.3   2.6    31  
1914 04 1914.288   28.9   4.8    30  
1914 05 1914.371    8.7   3.1    31  
1914 06 1914.455   19.1   4.1    30  
1914 07 1914.538    9.1   3.0    31  
1914 08 1914.623   12.9   3.5    31  
1914 09 1914.707   21.2   4.2    30  
1914 10 1914.790   13.7   3.5    31  
1914 11 1914.874   27.3   4.7    30  
1914 12 1914.958   37.3   5.4    31  
1915 01 1915.042   38.5   5.5    31  
1915 02 1915.123   70.4   7.5    28  
1915 03 1915.204   64.8   7.2    31  
1915 04 1915.288   68.9   7.4    30  
1915 05 1915.371   55.1   6.7    31  
1915 06 1915.455  114.7   9.5    30  
1915 07 1915.538  119.4   9.7    31  
1915 08 1915.623  116.0   9.6    31  
1915 09 1915.707   82.4   8.1    30  
1915 10 1915.790   89.1   8.4    31  
1915 11 1915.874   70.9   7.5    30  
1915 12 1915.958   57.5   6.8    31  
1916 01 1916.042   75.5   7.8    31  
1916 02 1916.124   92.4   8.6    29  
1916 03 1916.206  111.7   9.4    31  
1916 04 1916.290  119.8   9.8    30  
1916 05 1916.373  124.0   9.9    31  
1916 06 1916.456  112.9   9.5    30  
1916 07 1916.540   89.3   8.4    31  
1916 08 1916.624   58.6   6.9    31  
1916 09 1916.708   75.1   7.7    30  
1916 10 1916.791   84.5   8.2    31  
1916 11 1916.874  109.5   9.3    30  
1916 12 1916.958   88.3   8.4    31  
1917 01 1917.042  124.5  10.0    31  
1917 02 1917.123  119.9   9.8    28  
1917 03 1917.204  158.0  11.2    31  
1917 04 1917.288  124.6  10.0    30  
1917 05 1917.371  190.2  12.3    31  
1917 06 1917.455  191.4  12.3    30  
1917 07 1917.538  199.7  12.6    31  
1917 08 1917.623  257.7  14.3    31  
1917 09 1917.707  215.6  13.1    30  
1917 10 1917.790  120.3   9.8    31  
1917 11 1917.874  160.7  11.3    30  
1917 12 1917.958  215.5  13.1    31  
1918 01 1918.042  160.0  11.3    31  
1918 02 1918.123  108.7   9.3    28  
1918 03 1918.204  120.4   9.8    31  
1918 04 1918.288  134.1  10.3    30  
1918 05 1918.371  127.9  10.1    31  
1918 06 1918.455   99.0   8.9    30  
1918 07 1918.538  179.5  11.9    31  
1918 08 1918.623  169.6  11.6    31  
1918 09 1918.707  133.2  10.3    30  
1918 10 1918.790  141.7  10.6    31  
1918 11 1918.874  139.0  10.5    30  
1918 12 1918.958   98.5   8.9    31  
1919 01 1919.042   80.2   8.0    31  
1919 02 1919.123  132.5  10.3    28  
1919 03 1919.204  110.9   9.4    31  
1919 04 1919.288   86.3   8.3    30  
1919 05 1919.371  146.9  10.8    31  
1919 06 1919.455  185.3  12.1    30  
1919 07 1919.538  107.8   9.3    31  
1919 08 1919.623  115.1   9.6    31  
1919 09 1919.707   91.1   8.5    30  
1919 10 1919.790   88.0   8.4    31  
1919 11 1919.874   69.9   7.5    30  
1919 12 1919.958   58.0   6.8    31  
1920 01 1920.042   85.3   8.2    31  
1920 02 1920.124   89.8   8.5    29  
1920 03 1920.206  116.9   9.6    31  
1920 04 1920.290   24.7   4.5    30  
1920 05 1920.373   55.4   6.6    31  
1920 06 1920.456   64.6   7.2    30  
1920 07 1920.540   45.7   6.0    31  
1920 08 1920.624   31.9   5.1    31  
1920 09 1920.708   60.5   7.0    30  
1920 10 1920.791   82.7   8.1    31  
1920 11 1920.874   45.3   6.0    30  
1920 12 1920.958   49.8   6.3    31  
1921 01 1921.042   52.5   6.5    31  
1921 02 1921.123   47.1   6.1    28  
1921 03 1921.204   44.5   6.0    31  
1921 04 1921.288   54.0   6.6    30  
1921 05 1921.371   37.0   5.5    31  
1921 06 1921.455   56.2   6.7    30  
1921 07 1921.538   69.7   7.4    31  
1921 08 1921.623   38.0   5.5    31  
1921 09 1921.707   29.6   4.9    30  
1921 10 1921.790   30.3   5.0    31  
1921 11 1921.874   29.6   5.0    30  
1921 12 1921.958   33.9   5.3    31  
1922 01 1922.042   19.7   4.1    31  
1922 02 1922.123   43.9   6.0    28  
1922 03 1922.204   91.3   8.5    31  
1922 04 1922.288   18.3   4.0    30  
1922 05 1922.371   13.4   3.5    31  
1922 06 1922.455    9.8   3.1    30  
1922 07 1922.538   18.3   4.0    31  
1922 08 1922.623   10.9   3.3    31  
1922 09 1922.707    7.8   2.8    30  
1922 10 1922.790   10.4   3.2    31  
1922 11 1922.874   12.2   3.3    30  
1922 12 1922.958   29.0   5.0    31  
1923 01 1923.042    7.5   3.0    31  
1923 02 1923.123    2.5   2.3    28  
1923 03 1923.204    5.5   2.6    31  
1923 04 1923.288   10.2   3.1    30  
1923 05 1923.371    5.3   2.6    31  
1923 06 1923.455   15.3   3.7    30  
1923 07 1923.538    5.9   2.7    31  
1923 08 1923.623    0.8   2.1    31  
1923 09 1923.707   22.1   4.2    30  
1923 10 1923.790   19.5   4.0    31  
1923 11 1923.874   16.7   3.8    30  
1923 12 1923.958    4.6   2.6    31  
1924 01 1924.042    0.8   2.1    31  
1924 02 1924.124    8.5   3.1    29  
1924 03 1924.206    3.0   2.4    31  
1924 04 1924.290   18.9   4.2    30  
1924 05 1924.373   34.6   5.3    31  
1924 06 1924.456   40.0   5.6    30  
1924 07 1924.540   46.9   6.1    31  
1924 08 1924.624   32.1   5.1    31  
1924 09 1924.708   41.9   5.8    30  
1924 10 1924.791   42.6   5.8    31  
1924 11 1924.874   37.5   5.6    30  
1924 12 1924.958   27.5   4.8    31  
1925 01 1925.042    9.1   3.1    31  
1925 02 1925.123   38.6   5.6    28  
1925 03 1925.204   30.0   5.0    31  
1925 04 1925.288   53.0   6.5    30  
1925 05 1925.371   71.4   7.5    31  
1925 06 1925.455   79.1   7.9    30  
1925 07 1925.538   64.2   7.2    31  
1925 08 1925.623   63.3   7.1    31  
1925 09 1925.707  100.3   8.9    30  
1925 10 1925.790  115.3   9.6    31  
1925 11 1925.874   97.6   8.8    30  
1925 12 1925.958  164.4  11.4    31  
1926 01 1926.042  119.7   9.8    31  
1926 02 1926.123  116.4   9.6    28  
1926 03 1926.204  104.2   9.1    31  
1926 04 1926.288   64.2   7.2    30  
1926 05 1926.371  107.0   9.2    31  
1926 06 1926.455  122.4   9.9    30  
1926 07 1926.538   87.2   8.3    31  
1926 08 1926.623  102.7   9.0    31  
1926 09 1926.707  101.4   9.0    30  
1926 10 1926.790  119.3   9.7    31  
1926 11 1926.874  100.8   9.0    30  
1926 12 1926.958  132.4  10.3    31  
1927 01 1927.042  136.0  10.4    31  
1927 02 1927.123  155.1  11.1    28  
1927 03 1927.204  116.1   9.6    31  
1927 04 1927.288  155.8  11.1    30  
1927 05 1927.371  131.9  10.2    31  
1927 06 1927.455   98.5   8.8    30  
1927 07 1927.538   91.6   8.5    31  
1927 08 1927.623   89.6   8.4    31  
1927 09 1927.707  114.1   9.5    30  
1927 10 1927.790  105.2   9.1    31  
1927 11 1927.874  112.1   9.4    30  
1927 12 1927.958   75.3   7.7    31  
1928 01 1928.042  139.2  10.5    31  
1928 02 1928.124  122.4   9.9    29  
1928 03 1928.206  142.4  10.7    31  
1928 04 1928.290  134.3  10.3    30  
1928 05 1928.373  128.3  10.1    31  
1928 06 1928.456  152.4  11.0    30  
1928 07 1928.540  163.4  11.4    31  
1928 08 1928.624  139.6  10.5    31  
1928 09 1928.708  149.6  10.9    30  
1928 10 1928.791  102.3   9.0    31  
1928 11 1928.874   83.9   8.2    30  
1928 12 1928.958   98.3   8.8    31  
1929 01 1929.042  114.8   9.6    31  
1929 02 1929.123  104.7   9.1    28  
1929 03 1929.204   83.8   8.2    31  
1929 04 1929.288   87.9   8.4    30  
1929 05 1929.371   97.0   8.8    31  
1929 06 1929.455  119.9   9.8    30  
1929 07 1929.538  117.1   9.6    31  
1929 08 1929.623  109.6   9.3    31  
1929 09 1929.707   57.3   6.8    30  
1929 10 1929.790   90.1   8.5    31  
1929 11 1929.874  135.1  10.4    30  
1929 12 1929.958  179.9  12.0    31  
1930 01 1930.042  108.8   9.3    31  
1930 02 1930.123   83.1   8.1    28  
1930 03 1930.204   58.4   6.8    31  
1930 04 1930.288   63.7   7.1    30  
1930 05 1930.371   61.4   7.0    31  
1930 06 1930.455   48.0   6.2    30  
1930 07 1930.538   36.5   5.4    31  
1930 08 1930.623   41.5   5.7    31  
1930 09 1930.707   53.5   6.5    30  
1930 10 1930.790   57.2   6.8    31  
1930 11 1930.874   59.4   6.9    30  
1930 12 1930.958   43.0   5.9    31  
1931 01 1931.042   24.4   4.5    31  
1931 02 1931.123   71.8   7.6    28  
1931 03 1931.204   50.1   6.3    31  
1931 04 1931.288   52.0   6.4    30  
1931 05 1931.371   40.8   5.7    31  
1931 06 1931.455   25.5   4.7    30  
1931 07 1931.538   29.0   4.8    31  
1931 08 1931.623   21.6   4.3    31  
1931 09 1931.707   31.7   5.0    30  
1931 10 1931.790   16.6   3.7    31  
1931 11 1931.874   31.2   5.1    30  
1931 12 1931.958   29.7   4.9    31  
1932 01 1932.042   20.1   4.1    31  
1932 02 1932.124   17.6   3.9    29  
1932 03 1932.206   18.8   4.0    31  
1932 04 1932.290   18.7   4.1    30  
1932 05 1932.373   29.7   4.9    31  
1932 06 1932.456   36.9   5.4    30  
1932 07 1932.540   16.0   3.8    31  
1932 08 1932.624   11.3   3.3    31  
1932 09 1932.708    6.6   2.7    30  
1932 10 1932.791   14.8   3.5    31  
1932 11 1932.874   13.7   3.5    30  
1932 12 1932.958   18.5   3.9    31  
1933 01 1933.042   20.4   4.2    31  
1933 02 1933.123   36.9   5.6    28  
1933 03 1933.204   16.8   3.8    31  
1933 04 1933.288    4.9   2.6    30  
1933 05 1933.371    5.3   2.6    31  
1933 06 1933.455    8.7   3.0    30  
1933 07 1933.538    4.7   2.6    31  
1933 08 1933.623    0.4   2.0    31  
1933 09 1933.707    8.5   3.0    30  
1933 10 1933.790    5.0   2.6    31  
1933 11 1933.874    1.0   2.1    30  
1933 12 1933.958    0.4   2.1    31  
1934 01 1934.042    5.7   2.7    31  
1934 02 1934.123   12.9   3.4    28  
1934 03 1934.204    7.2   2.8    31  
1934 04 1934.288   18.8   4.0    30  
1934 05 1934.371   32.9   5.2    31  
1934 06 1934.455   11.2   3.3    30  
1934 07 1934.538   15.3   3.7    31  
1934 08 1934.623   13.9   3.6    31  
1934 09 1934.707    6.7   2.8    30  
1934 10 1934.790    9.5   3.0    31  
1934 11 1934.874   14.5   3.6    30  
1934 12 1934.958   25.7   4.7    31  
1935 01 1935.042   31.1   5.0    31  
1935 02 1935.123   34.1   5.2    28  
1935 03 1935.204   38.5   5.6    31  
1935 04 1935.288   20.4   4.2    30  
1935 05 1935.371   45.4   6.1    31  
1935 06 1935.455   76.2   7.8    30  
1935 07 1935.538   56.5   6.7    31  
1935 08 1935.623   50.2   6.3    31  
1935 09 1935.707   70.1   7.5    30  
1935 10 1935.790   88.7   8.4    31  
1935 11 1935.874  107.0   9.2    30  
1935 12 1935.958  102.5   9.0    31  
1936 01 1936.042  104.7   9.1    31  
1936 02 1936.124  123.9   9.9    29  
1936 03 1936.206  128.4  10.1    31  
1936 04 1936.290  124.8  10.0    30  
1936 05 1936.373   90.9   8.5    31  
1936 06 1936.456  116.7   9.6    30  
1936 07 1936.540   87.2   8.3    31  
1936 08 1936.624  145.0  10.7    31  
1936 09 1936.708  126.7  10.0    30  
1936 10 1936.791  148.2  10.9    31  
1936 11 1936.874  192.3  12.4    30  
1936 12 1936.958  205.6  12.8    31  
1937 01 1937.042  220.9  13.3    31  
1937 02 1937.123  214.1  13.0    28  
1937 03 1937.204  139.7  10.5    31  
1937 04 1937.288  182.2  12.0    30  
1937 05 1937.371  194.4  12.4    31  
1937 06 1937.455  217.1  13.1    30  
1937 07 1937.538  241.8  13.9    31  
1937 08 1937.623  229.5  13.5    31  
1937 09 1937.707  167.9  11.6    30  
1937 10 1937.790  208.2  12.9    31  
1937 11 1937.874  123.9   9.9    30  
1937 12 1937.958  147.9  10.8    31  
1938 01 1938.042  164.0  11.4    31  
1938 02 1938.123  198.6  12.6    28  
1938 03 1938.204  144.2  10.7    31  
1938 04 1938.288  168.4  11.6    30  
1938 05 1938.371  212.3  13.0    31  
1938 06 1938.455  162.6  11.4    30  
1938 07 1938.538  275.6  14.8    31  
1938 08 1938.623  192.8  12.4    31  
1938 09 1938.707  149.3  10.9    30  
1938 10 1938.790  165.3  11.5    31  
1938 11 1938.874  203.6  12.7    30  
1938 12 1938.958  154.7  11.1    31  
1939 01 1939.042  133.9  10.3    31  
1939 02 1939.123  129.0  10.1    28  
1939 03 1939.204  107.8   9.3    31  
1939 04 1939.288  181.9  12.0    30  
1939 05 1939.371  197.3  12.5    31  
1939 06 1939.455  168.3  11.6    30  
1939 07 1939.538  162.6  11.4    31  
1939 08 1939.623  176.3  11.8    31  
1939 09 1939.707  187.7  12.2    30  
1939 10 1939.790  146.9  10.8    31  
1939 11 1939.874  113.7   9.5    30  
1939 12 1939.958   70.2   7.5    31  
1940 01 1940.042   84.1   8.2    31  
1940 02 1940.124   99.1   8.9    29  
1940 03 1940.206  138.9  10.5    31  
1940 04 1940.290  101.1   9.0    30  
1940 05 1940.373   90.6   8.5    31  
1940 06 1940.456  139.8  10.5    30  
1940 07 1940.540  112.5   9.5    31  
1940 08 1940.624  175.9  11.8    31  
1940 09 1940.708  110.8   9.4    30  
1940 10 1940.791   91.5   8.5    31  
1940 11 1940.874   97.4   8.8    30  
1940 12 1940.958  113.8   9.5    31  
1941 01 1941.042   76.1   7.8    31  
1941 02 1941.123   74.3   7.7    28  
1941 03 1941.204   77.5   7.8    31  
1941 04 1941.288   54.6   6.6    30  
1941 05 1941.371   49.0   6.3    31  
1941 06 1941.455   99.6   8.9    30  
1941 07 1941.538  111.4   9.4    31  
1941 08 1941.623  100.1   8.9    31  
1941 09 1941.707  109.8   9.4    30  
1941 10 1941.790   77.2   7.8    31  
1941 11 1941.874   64.0   7.2    30  
1941 12 1941.958   56.2   6.7    31  
1942 01 1942.042   59.5   6.9    31  
1942 02 1942.123   87.9   8.4    28  
1942 03 1942.204   90.4   8.5    31  
1942 04 1942.288  101.2   9.0    30  
1942 05 1942.371   41.8   5.8    31  
1942 06 1942.455   18.9   4.0    30  
1942 07 1942.538   29.6   4.9    31  
1942 08 1942.623   33.7   5.2    31  
1942 09 1942.707   28.7   4.8    30  
1942 10 1942.790   32.0   5.1    31  
1942 11 1942.874   51.3   6.4    30  
1942 12 1942.958   37.6   5.5    31  
1943 01 1943.042   20.7   4.1    31  
1943 02 1943.123   48.1   6.2    28  
1943 03 1943.204   45.7   6.0    31  
1943 04 1943.288   43.5   5.9    30  
1943 05 1943.371   23.6   4.3    31  
1943 06 1943.455   12.7   3.4    30  
1943 07 1943.538   22.0   4.3    31  
1943 08 1943.623   32.3   5.1    31  
1943 09 1943.707   16.7   3.9    30  
1943 10 1943.790   13.0   3.4    31  
1943 11 1943.874   17.0   3.9    30  
1943 12 1943.958   31.4   5.1    31  
1944 01 1944.042    6.1   2.7    31  
1944 02 1944.124    0.8   2.1    29  
1944 03 1944.206   18.3   4.0    31  
1944 04 1944.290    0.4   2.1    30  
1944 05 1944.373    4.1   2.6    31  
1944 06 1944.456    8.2   2.8    30  
1944 07 1944.540    8.5   2.9    31  
1944 08 1944.624   27.9   4.8    31  
1944 09 1944.708   23.7   4.4    30  
1944 10 1944.791   28.1   4.8    31  
1944 11 1944.874   17.9   3.9    30  
1944 12 1944.958   47.4   6.2    31  
1945 01 1945.042   30.8   5.0    31  
1945 02 1945.123   21.2   4.2    28  
1945 03 1945.204   35.9   5.4    31  
1945 04 1945.288   53.4   6.5    30  
1945 05 1945.371   51.0   6.4    31  
1945 06 1945.455   60.2   6.9    30  
1945 07 1945.538   71.0   7.5    31  
1945 08 1945.623   43.1   5.9    31  
1945 09 1945.707   58.1   6.8    30  
1945 10 1945.790  114.5   9.5    31  
1945 11 1945.874   76.6   7.8    30  
1945 12 1945.958   45.7   6.0    31  
1946 01 1946.042   79.3   7.9    31  
1946 02 1946.123  143.8  10.7    28  
1946 03 1946.204  127.7  10.1    31  
1946 04 1946.288  126.1  10.0    30  
1946 05 1946.371  141.6  10.6    31  
1946 06 1946.455  122.6   9.9    30  
1946 07 1946.538  193.7  12.4    31  
1946 08 1946.623  178.7  11.9    31  
1946 09 1946.707  157.4  11.2    30  
1946 10 1946.790  170.5  11.6    31  
1946 11 1946.874  206.3  12.8    30  
1946 12 1946.958  202.9  12.7    31  
1947 01 1947.042  163.7   8.5    31  
1947 02 1947.123  188.9   9.2    28  
1947 03 1947.204  183.8   9.1    31  
1947 04 1947.288  212.1   9.7    30  
1947 05 1947.371  285.0  11.3    31  
1947 06 1947.455  232.1  10.2    30  
1947 07 1947.538  223.5  10.0    31  
1947 08 1947.623  267.4  10.9    31  
1947 09 1947.707  239.9  10.4    30  
1947 10 1947.790  231.7  10.2    31  
1947 11 1947.874  181.3   9.0    30  
1947 12 1947.958  164.9   8.6    31  
1948 01 1948.042  153.6   8.3    31  
1948 02 1948.124  122.0   7.4    29  
1948 03 1948.206  134.3   7.7    31  
1948 04 1948.290  268.5  11.0    30  
1948 05 1948.373  246.4  10.5    31  
1948 06 1948.456  237.5  10.3    30  
1948 07 1948.540  201.4   9.5    31  
1948 08 1948.624  223.7  10.0    31  
1948 09 1948.708  202.9   9.5    30  
1948 10 1948.791  192.9   9.3    31  
1948 11 1948.874  135.6   7.8    30  
1948 12 1948.958  195.3   9.3    31  
1949 01 1949.042  168.6   8.7    31  
1949 02 1949.123  258.0  10.8    28  
1949 03 1949.204  223.0  10.0    31  
1949 04 1949.288  208.1   9.7    30  
1949 05 1949.371  150.4   8.2    31  
1949 06 1949.455  172.4   8.8    30  
1949 07 1949.538  178.3   8.9    31  
1949 08 1949.623  175.3   8.9    31  
1949 09 1949.707  205.8   9.6    30  
1949 10 1949.790  186.3   9.1    31  
1949 11 1949.874  203.2   9.5    30  
1949 12 1949.958  166.6   8.6    31  
1950 01 1950.042  143.9   8.0    31  
1950 02 1950.123  134.3   7.7    28  
1950 03 1950.204  155.4   8.3    31  
1950 04 1950.288  160.6   8.5    30  
1950 05 1950.371  150.5   8.2    31  
1950 06 1950.455  118.3   7.3    30  
1950 07 1950.538  128.9   7.6    31  
1950 08 1950.623  120.6   7.3    31  
1950 09 1950.707   72.7   5.7    30  
1950 10 1950.790   87.0   6.2    31  
1950 11 1950.874   77.7   5.9    30  
1950 12 1950.958   76.7   5.9    31  
1951 01 1951.042   85.0   6.2    31  
1951 02 1951.123   84.8   6.1    28  
1951 03 1951.204   79.3   5.9    31  
1951 04 1951.288  131.7   7.7    30  
1951 05 1951.371  153.7   8.3    31  
1951 06 1951.455  142.4   8.0    30  
1951 07 1951.538   87.2   6.2    31  
1951 08 1951.623   86.5   6.2    31  
1951 09 1951.707  117.7   7.2    30  
1951 10 1951.790   73.3   5.7    31  
1951 11 1951.874   74.2   5.7    30  
1951 12 1951.958   65.0   5.4    31  
1952 01 1952.042   57.9   5.1    31  
1952 02 1952.124   32.4   3.8    29  
1952 03 1952.206   31.5   3.8    31  
1952 04 1952.290   41.7   4.3    30  
1952 05 1952.373   33.6   3.9    31  
1952 06 1952.456   52.0   4.8    30  
1952 07 1952.540   56.1   5.0    31  
1952 08 1952.624   77.8   5.9    31  
1952 09 1952.708   40.4   4.3    30  
1952 10 1952.791   34.2   3.9    31  
1952 11 1952.874   31.8   3.8    30  
1952 12 1952.958   48.9   4.7    31  
1953 01 1953.042   37.9   4.1    31  
1953 02 1953.123    5.9   1.7    28  
1953 03 1953.204   14.7   2.6    31  
1953 04 1953.288   39.6   4.2    30  
1953 05 1953.371   18.3   2.9    31  
1953 06 1953.455   31.5   3.8    30  
1953 07 1953.538   12.7   2.4    31  
1953 08 1953.623   33.6   3.9    31  
1953 09 1953.707   28.0   3.6    30  
1953 10 1953.790   12.3   2.4    31  
1953 11 1953.874    2.5   1.1    30  
1953 12 1953.958    3.9   1.3    31  
1954 01 1954.042    0.4   0.4    31  
1954 02 1954.123    0.8   0.6    28  
1954 03 1954.204   15.8   2.7    31  
1954 04 1954.288    2.7   1.1    30  
1954 05 1954.371    1.2   0.7    31  
1954 06 1954.455    0.4   0.4    30  
1954 07 1954.538    7.3   1.9    31  
1954 08 1954.623   12.6   2.4    31  
1954 09 1954.707    2.3   1.0    30  
1954 10 1954.790   10.5   2.2    31  
1954 11 1954.874   13.4   2.5    30  
1954 12 1954.958   11.3   2.3    31  
1955 01 1955.042   33.4   3.9    31  
1955 02 1955.123   29.9   3.7    28  
1955 03 1955.204    7.3   1.9    31  
1955 04 1955.288   16.4   2.7    30  
1955 05 1955.371   41.3   4.3    31  
1955 06 1955.455   45.2   4.5    30  
1955 07 1955.538   38.2   4.1    31  
1955 08 1955.623   58.0   5.1    31  
1955 09 1955.707   60.8   5.2    30  
1955 10 1955.790   83.0   6.1    31  
1955 11 1955.874  126.3   7.5    30  
1955 12 1955.958  108.8   6.9    31  
1956 01 1956.042  104.1   6.8    31  
1956 02 1956.124  175.6   8.9    29  
1956 03 1956.206  167.7   8.6    31  
1956 04 1956.290  156.7   8.4    30  
1956 05 1956.373  193.4   9.3    31  
1956 06 1956.456  165.1   8.6    30  
1956 07 1956.540  182.7   9.0    31  
1956 08 1956.624  240.2  10.4    31  
1956 09 1956.708  245.4  10.5    30  
1956 10 1956.791  219.9   9.9    31  
1956 11 1956.874  285.0  11.3    30  
1956 12 1956.958  272.0  11.0    31  
1957 01 1957.042  233.7  10.2    31  
1957 02 1957.123  184.5   9.1    28  
1957 03 1957.204  222.8  10.0    31  
1957 04 1957.288  248.0  10.5    30  
1957 05 1957.371  233.0  10.2    31  
1957 06 1957.455  284.3  11.3    30  
1957 07 1957.538  265.1  10.9    31  
1957 08 1957.623  223.7  10.0    31  
1957 09 1957.707  334.0  12.3    30  
1957 10 1957.790  359.4  12.7    31  
1957 11 1957.874  298.6  11.6    30  
1957 12 1957.958  339.0  12.3    31  
1958 01 1958.042  286.7  11.3    31  
1958 02 1958.123  233.6  10.2    28  
1958 03 1958.204  270.0  11.0    31  
1958 04 1958.288  277.6  11.2    30  
1958 05 1958.371  248.2  10.5    31  
1958 06 1958.455  242.9  10.4    30  
1958 07 1958.538  271.0  11.0    31  
1958 08 1958.623  283.5  11.3    31  
1958 09 1958.707  285.1  11.3    30  
1958 10 1958.790  256.9  10.7    31  
1958 11 1958.874  215.6   9.8    30  
1958 12 1958.958  265.7  10.9    31  
1959 01 1959.042  307.7  11.7    31  
1959 02 1959.123  202.6   9.5    28  
1959 03 1959.204  263.0  10.9    31  
1959 04 1959.288  231.3  10.2    30  
1959 05 1959.371  243.6  10.4    31  
1959 06 1959.455  238.9  10.3    30  
1959 07 1959.538  211.9   9.7    31  
1959 08 1959.623  282.6  11.3    31  
1959 09 1959.707  205.6   9.6    30  
1959 10 1959.790  157.7   8.4    31  
1959 11 1959.874  175.6   8.9    30  
1959 12 1959.958  177.1   8.9    31  
1960 01 1960.042  207.2   9.6    31  
1960 02 1960.124  149.9   8.2    29  
1960 03 1960.206  144.6   8.0    31  
1960 04 1960.290  172.7   8.8    30  
1960 05 1960.373  169.3   8.7    31  
1960 06 1960.456  156.0   8.3    30  
1960 07 1960.540  172.4   8.8    31  
1960 08 1960.624  190.0   9.2    31  
1960 09 1960.708  180.1   9.0    30  
1960 10 1960.791  117.3   7.2    31  
1960 11 1960.874  126.9   7.5    30  
1960 12 1960.958  121.2   7.4    31  
1961 01 1961.042   82.1   6.0    31  
1961 02 1961.123   65.4   5.4    28  
1961 03 1961.204   75.2   5.8    31  
1961 04 1961.288   86.9   6.2    30  
1961 05 1961.371   72.3   5.7    31  
1961 06 1961.455  109.5   7.0    30  
1961 07 1961.538   99.3   6.6    31  
1961 08 1961.623   79.2   6.0    31  
1961 09 1961.707   90.1   6.3    30  
1961 10 1961.790   53.7   4.9    31  
1961 11 1961.874   46.5   4.6    30  
1961 12 1961.958   56.9   5.0    31  
1962 01 1962.042   55.1   5.0    31  
1962 02 1962.123   71.7   5.7    28  
1962 03 1962.204   64.9   5.4    31  
1962 04 1962.288   65.9   5.4    30  
1962 05 1962.371   61.9   5.2    31  
1962 06 1962.455   59.6   5.2    30  
1962 07 1962.538   31.4   3.8    31  
1962 08 1962.623   31.5   3.8    31  
1962 09 1962.707   72.7   5.7    30  
1962 10 1962.790   56.1   5.0    31  
1962 11 1962.874   38.8   4.2    30  
1962 12 1962.958   33.2   3.9    31  
1963 01 1963.042   28.7   3.6    31  
1963 02 1963.123   35.2   4.0    28  
1963 03 1963.204   24.8   3.4    31  
1963 04 1963.288   41.7   4.3    30  
1963 05 1963.371   61.1   5.2    31  
1963 06 1963.455   51.2   4.8    30  
1963 07 1963.538   28.7   3.6    31  
1963 08 1963.623   47.5   4.6    31  
1963 09 1963.707   55.2   5.0    30  
1963 10 1963.790   50.1   4.7    31  
1963 11 1963.874   33.7   3.9    30  
1963 12 1963.958   21.6   3.2    31  
1964 01 1964.042   22.6   3.2    31  
1964 02 1964.124   25.3   3.4    29  
1964 03 1964.206   24.1   3.3    31  
1964 04 1964.290   12.9   2.5    30  
1964 05 1964.373   14.3   2.6    31  
1964 06 1964.456   13.5   2.5    30  
1964 07 1964.540    4.8   1.5    31  
1964 08 1964.624   13.8   2.5    31  
1964 09 1964.708    7.0   1.8    30  
1964 10 1964.791    9.2   2.1    31  
1964 11 1964.874   11.1   2.3    30  
1964 12 1964.958   22.1   3.2    31  
1965 01 1965.042   25.4   3.4    31  
1965 02 1965.123   20.8   3.1    28  
1965 03 1965.204   17.5   2.8    31  
1965 04 1965.288   10.2   2.2    30  
1965 05 1965.371   34.5   3.9    31  
1965 06 1965.455   23.3   3.3    30  
1965 07 1965.538   17.3   2.8    31  
1965 08 1965.623   13.3   2.5    31  
1965 09 1965.707   24.5   3.4    30  
1965 10 1965.790   29.1   3.6    31  
1965 11 1965.874   22.8   3.2    30  
1965 12 1965.958   24.7   3.4    31  
1966 01 1966.042   40.3   4.3    31  
1966 02 1966.123   35.3   4.0    28  
1966 03 1966.204   36.4   4.0    31  
1966 04 1966.288   69.0   5.5    30  
1966 05 1966.371   64.2   5.3    31  
1966 06 1966.455   67.7   5.5    30  
1966 07 1966.538   80.2   6.0    31  
1966 08 1966.623   72.6   5.7    31  
1966 09 1966.707   71.1   5.6    30  
1966 10 1966.790   81.2   6.0    31  
1966 11 1966.874   81.0   6.0    30  
1966 12 1966.958   99.8   6.7    31  
1967 01 1967.042  157.0   8.4    31  
1967 02 1967.123  132.6   7.7    28  
1967 03 1967.204  158.3   8.4    31  
1967 04 1967.288   98.4   6.6    30  
1967 05 1967.371  122.5   7.4    31  
1967 06 1967.455   95.4   6.5    30  
1967 07 1967.538  129.5   7.6    31  
1967 08 1967.623  151.8   8.2    31  
1967 09 1967.707  108.7   7.0    30  
1967 10 1967.790  125.0   7.5    31  
1967 11 1967.874  133.6   7.7    30  
1967 12 1967.958  179.0   8.9    31  
1968 01 1968.042  172.5   8.8    31  
1968 02 1968.124  158.5   8.4    29  
1968 03 1968.206  130.5   7.6    31  
1968 04 1968.290  115.0   7.2    30  
1968 05 1968.373  180.0   9.0    31  
1968 06 1968.456  156.2   8.3    30  
1968 07 1968.540  136.2   7.8    31  
1968 08 1968.624  154.8   8.3    31  
1968 09 1968.708  166.0   8.6    30  
1968 10 1968.791  152.5   8.2    31  
1968 11 1968.874  121.7   7.4    30  
1968 12 1968.958  155.5   8.3    31  
1969 01 1969.042  147.8   8.1    31  
1969 02 1969.123  170.5   8.7    28  
1969 03 1969.204  192.3   9.3    31  
1969 04 1969.288  151.1   8.2    30  
1969 05 1969.371  169.9   8.7    31  
1969 06 1969.455  150.1   8.2    30  
1969 07 1969.538  137.1   7.8    31  
1969 08 1969.623  138.8   7.9    31  
1969 09 1969.707  129.3   7.6    30  
1969 10 1969.790  135.4   7.8    31  
1969 11 1969.874  132.4   7.7    30  
1969 12 1969.958  138.6   7.9    31  
1970 01 1970.042  157.9   8.4    31  
1970 02 1970.123  180.8   9.0    28  
1970 03 1970.204  145.7   8.1    31  
1970 04 1970.288  155.1   8.3    30  
1970 05 1970.371  180.5   9.0    31  
1970 06 1970.455  151.3   8.2    30  
1970 07 1970.538  159.3   8.4    31  
1970 08 1970.623  131.7   7.7    31  
1970 09 1970.707  140.8   7.9    30  
1970 10 1970.790  122.6   7.4    31  
1970 11 1970.874  134.8   7.8    30  
1970 12 1970.958  118.2   7.2    31  
1971 01 1971.042  129.2   7.6    31  
1971 02 1971.123  111.8   7.0    28  
1971 03 1971.204   85.9   6.2    31  
1971 04 1971.288  101.6   6.7    30  
1971 05 1971.371   81.5   6.0    31  
1971 06 1971.455   70.7   5.6    30  
1971 07 1971.538  114.7   7.1    31  
1971 08 1971.623   87.0   6.2    31  
1971 09 1971.707   71.3   5.6    30  
1971 10 1971.790   73.4   5.7    31  
1971 11 1971.874   89.5   6.3    30  
1971 12 1971.958  116.5   7.2    31  
1972 01 1972.042   87.0   6.2    31  
1972 02 1972.124  125.3   7.5    29  
1972 03 1972.206  113.5   7.1    31  
1972 04 1972.290   89.6   6.3    30  
1972 05 1972.373  113.9   7.1    31  
1972 06 1972.456  124.7   7.4    30  
1972 07 1972.540  108.3   6.9    31  
1972 08 1972.624  108.9   7.0    31  
1972 09 1972.708   90.7   6.4    30  
1972 10 1972.791   86.9   6.2    31  
1972 11 1972.874   59.2   5.2    30  
1972 12 1972.958   64.3   5.4    31  
1973 01 1973.042   61.8   5.2    31  
1973 02 1973.123   60.9   5.2    28  
1973 03 1973.204   65.4   5.4    31  
1973 04 1973.288   81.8   6.0    30  
1973 05 1973.371   60.3   5.2    31  
1973 06 1973.455   56.1   5.0    30  
1973 07 1973.538   33.2   3.9    31  
1973 08 1973.623   36.6   4.1    31  
1973 09 1973.707   84.1   6.1    30  
1973 10 1973.790   43.7   4.4    31  
1973 11 1973.874   34.3   3.9    30  
1973 12 1973.958   33.3   3.9    31  
1974 01 1974.042   39.4   4.2    31  
1974 02 1974.123   37.3   4.1    28  
1974 03 1974.204   30.9   3.8    31  
1974 04 1974.288   57.5   5.1    30  
1974 05 1974.371   56.3   5.0    31  
1974 06 1974.455   51.5   4.8    30  
1974 07 1974.538   79.1   5.9    31  
1974 08 1974.623   47.9   4.6    31  
1974 09 1974.707   57.2   5.0    30  
1974 10 1974.790   67.2   5.5    31  
1974 11 1974.874   35.9   4.0    30  
1974 12 1974.958   29.6   3.7    31  
1975 01 1975.042   27.3   3.5    31  
1975 02 1975.123   16.7   2.8    28  
1975 03 1975.204   16.9   2.8    31  
1975 04 1975.288    7.7   1.9    30  
1975 05 1975.371   13.1   2.5    31  
1975 06 1975.455   16.7   2.8    30  
1975 07 1975.538   40.4   4.3    31  
1975 08 1975.623   56.7   5.0    31  
1975 09 1975.707   20.3   3.1    30  
1975 10 1975.790   13.6   2.5    31  
1975 11 1975.874   27.9   3.6    30  
1975 12 1975.958   11.6   2.3    31  
1976 01 1976.042   11.9   2.3    31  
1976 02 1976.124    6.4   1.7    29  
1976 03 1976.206   31.5   3.8    31  
1976 04 1976.290   27.3   3.5    30  
1976 05 1976.373   18.2   2.9    31  
1976 06 1976.456   17.9   2.9    30  
1976 07 1976.540    2.9   1.2    31  
1976 08 1976.624   24.1   3.3    31  
1976 09 1976.708   20.0   3.0    30  
1976 10 1976.791   29.7   3.7    31  
1976 11 1976.874    7.9   1.9    30  
1976 12 1976.958   22.3   3.2    31  
1977 01 1977.042   23.8   3.3    31  
1977 02 1977.123   33.3   3.9    28  
1977 03 1977.204   13.0   2.5    31  
1977 04 1977.288   19.0   3.0    30  
1977 05 1977.371   27.0   3.5    31  
1977 06 1977.455   54.9   5.0    30  
1977 07 1977.538   30.6   3.7    31  
1977 08 1977.623   43.0   4.4    31  
1977 09 1977.707   62.4   5.3    30  
1977 10 1977.790   62.1   5.3    31  
1977 11 1977.874   41.6   4.3    30  
1977 12 1977.958   61.4   5.2    31  
1978 01 1978.042   73.7   5.7    31  
1978 02 1978.123  132.6   7.7    28  
1978 03 1978.204  108.4   6.9    31  
1978 04 1978.288  141.2   7.9    30  
1978 05 1978.371  117.1   7.2    31  
1978 06 1978.455  134.6   7.8    30  
1978 07 1978.538   99.7   6.7    31  
1978 08 1978.623   82.4   6.0    31  
1978 09 1978.707  195.7   9.3    30  
1978 10 1978.790  177.1   8.9    31  
1978 11 1978.874  138.5   7.9    30  
1978 12 1978.958  173.9   8.8    31  
1979 01 1979.042  235.9  10.3    31  
1979 02 1979.123  194.7   9.3    28  
1979 03 1979.204  195.3   9.3    31  
1979 04 1979.288  143.7   8.0    30  
1979 05 1979.371  190.3   9.2    31  
1979 06 1979.455  211.7   9.7    30  
1979 07 1979.538  225.7  10.0    31  
1979 08 1979.623  201.4   9.5    31  
1979 09 1979.707  266.9  10.9    30  
1979 10 1979.790  263.6  10.9    31  
1979 11 1979.874  259.5  10.8    30  
1979 12 1979.958  249.6  10.6    31  
1980 01 1980.042  226.1  10.1    31  
1980 02 1980.124  219.4   9.9    29  
1980 03 1980.206  178.7   8.9    31  
1980 04 1980.290  232.2  10.2    30  
1980 05 1980.373  254.7  10.7    31  
1980 06 1980.456  222.7  10.0    30  
1980 07 1980.540  192.9   9.3    31  
1980 08 1980.624  191.7   9.3    31  
1980 09 1980.708  219.6   9.9    30  
1980 10 1980.791  233.3  10.2    31  
1980 11 1980.874  209.5   9.7    30  
1980 12 1980.958  246.9  10.5    31  
1981 01 1981.042  156.6   9.5   271  
1981 02 1981.123  189.9  12.4   229  
1981 03 1981.204  196.6  11.6   244  
1981 04 1981.288  225.3  14.9   254  
1981 05 1981.371  194.7  13.4   268  
1981 06 1981.455  131.6   9.5   227  
1981 07 1981.538  205.3  13.0   268  
1981 08 1981.623  242.5  13.9   276  
1981 09 1981.707  245.3  18.5   255  
1981 10 1981.790  216.2  12.1   243  
1981 11 1981.874  186.0  14.2   248  
1981 12 1981.958  195.4  11.9   266  
1982 01 1982.042  149.8  10.2   287  
1982 02 1982.123  230.9  13.6   256  
1982 03 1982.204  221.1  11.4   263  
1982 04 1982.288  170.3   8.3   284  
1982 05 1982.371  119.3   8.5   318  
1982 06 1982.455  163.7  11.2   313  
1982 07 1982.538  139.4  14.0   292  
1982 08 1982.623  161.9  11.8   301  
1982 09 1982.707  167.4   9.7   308  
1982 10 1982.790  134.3  10.4   308  
1982 11 1982.874  127.5  18.6   244  
1982 12 1982.958  169.0  15.4   262  
1983 01 1983.042  115.5   8.7   267  
1983 02 1983.123   73.1   6.3   261  
1983 03 1983.204   88.7   7.1   259  
1983 04 1983.288  109.6   9.7   282  
1983 05 1983.371  132.5   9.4   330  
1983 06 1983.455  131.5   8.2   361  
1983 07 1983.538  108.9   7.3   431  
1983 08 1983.623   96.0   8.4   429  
1983 09 1983.707   69.9   5.5   397  
1983 10 1983.790   72.5   7.0   431  
1983 11 1983.874   45.7   7.3   363  
1983 12 1983.958   45.6   5.5   405  
1984 01 1984.042   74.8   6.5   399  
1984 02 1984.124  110.2   8.1   377  
1984 03 1984.206  116.7   8.7   395  
1984 04 1984.290   90.4   7.6   407  
1984 05 1984.373   96.9   7.0   462  
1984 06 1984.456   65.1   5.4   438  
1984 07 1984.540   55.7   5.1   468  
1984 08 1984.624   35.0   3.4   509  
1984 09 1984.708   22.6   3.9   429  
1984 10 1984.791   12.6   3.8   428  
1984 11 1984.874   26.5   4.7   394  
1984 12 1984.958   21.4   3.9   397  
1985 01 1985.042   17.8   3.9   425  
1985 02 1985.123   20.7   3.8   412  
1985 03 1985.204   16.9   3.9   389  
1985 04 1985.288   20.4   3.7   468  
1985 05 1985.371   32.4   3.7   457  
1985 06 1985.455   28.3   3.9   465  
1985 07 1985.538   39.9   3.8   540  
1985 08 1985.623   10.1   3.5   546  
1985 09 1985.707    4.3   2.4   511  
1985 10 1985.790   22.0   4.2   486  
1985 11 1985.874   17.9   2.6   422  
1985 12 1985.958   15.8   4.6   422  
1986 01 1986.042    2.8   2.8   460  
1986 02 1986.123   27.9   3.6   420  
1986 03 1986.204   13.8   3.8   433  
1986 04 1986.288   22.4   4.1   449  
1986 05 1986.371   16.1   3.6   530  
1986 06 1986.455    0.6   2.1   494  
1986 07 1986.538   18.1   3.9   510  
1986 08 1986.623    9.9   2.3   567  
1986 09 1986.707    5.1   3.0   505  
1986 10 1986.790   40.1   4.4   507  
1986 11 1986.874   15.4   4.3   515  
1986 12 1986.958    5.8   2.8   544  
1987 01 1987.042    9.8   2.7   487  
1987 02 1987.123    3.4   2.6   429  
1987 03 1987.204   17.4   3.0   501  
1987 04 1987.288   46.0   4.4   581  
1987 05 1987.371   39.1   3.5   566  
1987 06 1987.455   18.8   3.5   586  
1987 07 1987.538   38.2   4.3   645  
1987 08 1987.623   47.9   3.3   619  
1987 09 1987.707   42.2   3.5   609  
1987 10 1987.790   63.4   4.8   501  
1987 11 1987.874   48.8   5.1   417  
1987 12 1987.958   29.1   3.2   455  
1988 01 1988.042   70.5   5.5   484  
1988 02 1988.124   45.4   4.6   525  
1988 03 1988.206   91.2   5.7   516  
1988 04 1988.290  108.8   6.7   562  
1988 05 1988.373   74.2   6.1   582  
1988 06 1988.456  124.3   8.3   574  
1988 07 1988.540  131.4   9.6   605  
1988 08 1988.624  139.4   9.0   649  
1988 09 1988.708  142.7   9.4   551  
1988 10 1988.791  156.5   9.7   530  
1988 11 1988.874  156.8   8.9   488  
1988 12 1988.958  231.2  13.5   490  
1989 01 1989.042  210.1  15.0   536  
1989 02 1989.123  208.7  12.7   489  
1989 03 1989.204  170.4  10.2   573  
1989 04 1989.288  166.3   9.7   534  
1989 05 1989.371  195.4  10.6   668  
1989 06 1989.455  284.5  15.5   619  
1989 07 1989.538  180.5  10.2   673  
1989 08 1989.623  232.0  13.5   639  
1989 09 1989.707  225.1  14.9   585