4 3.6 3.5 3.4 3.3 3.3 3.3 3.3 3.3 3.3 3.3 3.3 3.3 3.3 3.3 3.3 3.3 3.3 3.3 3.3 3.3 3.3 3.3 3.3 3.3 3.3 3.3 3.3 3.3 3.3 3.3 3.3 3.3 3.3 3.3 3.3 3.3 3.3 3.3 3.3 3.3 3.3 3.3 3.3 3.3 3.3 3.3 3.3 3.4 3.5 3.6 4 
4.4 4.1 3.9 3.7 3.7 3.6 3.6 3.6 3.6 3.5 3.5 3.5 3.5 3.5 3.5 3.5 3.5 3.5 3.5 3.5 3.5 3.5 3.5 3.5 3.5 3.5 3.5 3.5 3.5 3.5 3.5 3.5 3.5 3.5 3.5 3.5 3.5 3.5 3.5 3.5 3.5 3.5 3.5 3.6 3.6 3.6 3.6 3.7 3.7 3.9 4.1 4.4 
4.6 4.4 4.2 4 3.9 3.9 3.8 3.8 3.8 3.8 3.8 3.8 3.8 3.8 3.8 3.8 3.8 3.8 3.8 3.8 3.8 3.8 3.8 3.8 3.8 3.8 3.8 3.8 3.8 3.8 3.8 3.8 3.8 3.8 3.8 3.8 3.8 3.8 3.8 3.8 3.8 3.8 3.8 3.8 3.8 3.8 3.9 3.9 4 4.2 4.4 4.6 
4.8 4.5 4.4 4.3 4.2 4.1 4.1 4.1 4.1 4.1 4 4 4 4 4 4 4.1 4.1 4.1 4.1 4.1 4.1 4.1 4.1 4.1 4.1 4.1 4.1 4.1 4.1 4.1 4.1 4.1 4.1 4.1 4.1 4 4 4 4 4 4 4.1 4.1 4.1 4.1 4.1 4.2 4.3 4.4 4.5 4.8 
4.8 4.7 4.6 4.5 4.4 4.4 4.3 4.3 4.3 4.3 4.3 4.3 4.3 4.3 4.3 4.3 4.3 4.3 4.3 4.3 4.3 4.3 4.3 4.3 4.3 4.3 4.3 4.3 4.3 4.3 4.3 4.3 4.3 4.3 4.3 4.3 4.3 4.3 4.3 4.3 4.3 4.3 4.3 4.3 4.3 4.3 4.4 4.4 4.5 4.6 4.7 4.8 
4.9 4.8 4.7 4.6 4.6 4.5 4.5 4.5 4.5 4.5 4.5 4.5 4.5 4.5 4.5 4.5 4.5 4.5 4.5 4.5 4.5 4.5 4.5 4.5 4.5 4.5 4.5 4.5 4.5 4.5 4.5 4.5 4.5 4.5 4.5 4.5 4.5 4.5 4.5 4.5 4.5 4.5 4.5 4.5 4.5 4.5 4.5 4.6 4.6 4.7 4.8 4.9 
4.9 4.9 4.8 4.8 4.7 4.7 4.7 4.7 4.7 4.7 4.7 4.7 4.7 4.7 4.7 4.7 4.7 4.7 4.7 4.7 4.7 4.7 4.7 4.7 4.7 4.7 4.7 4.7 4.7 4.7 4.7 4.7 4.7 4.7 4.7 4.7 4.7 4.7 4.7 4.7 4.7 4.7 4.7 4.7 4.7 4.7 4.7 4.7 4.8 4.8 4.9 4.9 
5 4.9 4.9 4.9 4.9 4.9 4.9 4.9 4.9 4.9 4.9 4.9 4.9 4.9 4.9 4.9 4.9 4.9 4.9 4.9 4.9 4.9 4.9 4.9 4.9 4.9 4.9 4.9 4.9 4.9 4.9 4.9 4.9 4.9 4.9 4.9 4.9 4.9 4.9 4.9 4.9 4.9 4.9 4.9 4.9 4.9 4.9 4.9 4.9 4.9 4.9 5 
5 5 5 5 5 5 5 5 5 5 5 5.1 5.1 5.1 5.1 5.1 5.1 5.1 5.1 5.1 5.1 5.1 5.1 5.1 5.1 5.1 5.1 5.1 5.1 5.1 5.1 5.1 5.1 5.1 5.1 5.1 5.1 5.1 5.1 5.1 5.1 5 5 5 5 5 5 5 5 5 5 5 
5 5 5 5.1 5.1 5.1 5.1 5.1 5.2 5.2 5.2 5.2 5.2 5.2 5.2 5.3 5.3 5.3 5.3 5.3 5.3 5.3 5.3 5.3 5.3 5.3 5.3 5.3 5.3 5.3 5.3 5.3 5.3 5.3 5.3 5.3 5.3 5.2 5.2 5.2 5.2 5.2 5.2 5.2 5.1 5.1 5.1 5.1 5.1 5 5 5 
5 5.1 5.1 5.1 5.2 5.2 5.2 5.3 5.3 5.3 5.3 5.3 5.4 5.4 5.4 5.4 5.4 5.4 5.4 5.4 5.4 5.4 5.4 5.5 5.5 5.5 5.5 5.5 5.5 5.4 5.4 5.4 5.4 5.4 5.4 5.4 5.4 5.4 5.4 5.4 5.3 5.3 5.3 5.3 5.3 5.2 5.2 5.2 5.1 5.1 5.1 5 
5 5.1 5.1 5.2 5.2 5.3 5.3 5.4 5.4 5.4 5.4 5.5 5.5 5.5 5.5 5.5 5.5 5.6 5.6 5.6 5.6 5.6 5.6 5.6 5.6 5.6 5.6 5.6 5.6 5.6 5.6 5.6 5.6 5.6 5.6 5.5 5.5 5.5 5.5 5.5 5.5 5.4 5.4 5.4 5.4 5.3 5.3 5.2 5.2 5.1 5.1 5 
5.1 5.1 5.2 5.2 5.3 5.4 5.4 5.4 5.5 5.5 5.5 5.6 5.6 5.6 5.6 5.7 5.7 5.7 5.7 5.7 5.7 5.7 5.7 5.7 5.7 5.7 5.7 5.7 5.7 5.7 5.7 5.7 5.7 5.7 5.7 5.7 5.7 5.6 5.6 5.6 5.6 5.5 5.5 5.5 5.4 5.4 5.4 5.3 5.2 5.2 5.1 5.1 
5.1 5.1 5.2 5.3 5.4 5.4 5.5 5.5 5.6 5.6 5.6 5.7 5.7 5.7 5.7 5.8 5.8 5.8 5.8 5.8 5.8 5.8 5.8 5.8 5.8 5.8 5.8 5.8 5.8 5.8 5.8 5.8 5.8 5.8 5.8 5.8 5.8 5.7 5.7 5.7 5.7 5.6 5.6 5.6 5.5 5.5 5.4 5.4 5.3 5.2 5.1 5.1 
5.1 5.2 5.3 5.3 5.4 5.5 5.5 5.6 5.6 5.7 5.7 5.8 5.8 5.8 5.8 5.9 5.9 5.9 5.9 5.9 5.9 5.9 5.9 5.9 5.9 5.9 5.9 5.9 5.9 5.9 5.9 5.9 5.9 5.9 5.9 5.9 5.9 5.8 5.8 5.8 5.8 5.7 5.7 5.6 5.6 5.5 5.5 5.4 5.3 5.3 5.2 5.1 
5.1 5.2 5.3 5.4 5.4 5.5 5.6 5.6 5.7 5.7 5.8 5.8 5.9 5.9 5.9 5.9 6 6 6 6 6 6 6 6 6 6 6 6 6 6 6 6 6 6 6 6 5.9 5.9 5.9 5.9 5.8 5.8 5.7 5.7 5.6 5.6 5.5 5.4 5.4 5.3 5.2 5.1 
5.1 5.2 5.3 5.4 5.5 5.6 5.6 5.7 5.8 5.8 5.9 5.9 5.9 6 6 6 6 6.1 6.1 6.1 6.1 6.1 6.1 6.1 6.1 6.1 6.1 6.1 6.1 6.1 6.1 6.1 6.1 6.1 6.1 6 6 6 6 5.9 5.9 5.9 5.8 5.8 5.7 5.6 5.6 5.5 5.4 5.3 5.2 5.1 
5.1 5.2 5.3 5.4 5.5 5.6 5.7 5.7 5.8 5.9 5.9 6 6 6 6.1 6.1 6.1 6.1 6.1 6.1 6.2 6.2 6.2 6.2 6.2 6.2 6.2 6.2 6.2 6.2 6.2 6.2 6.1 6.1 6.1 6.1 6.1 6.1 6 6 6 5.9 5.9 5.8 5.7 5.7 5.6 5.5 5.4 5.3 5.2 5.1 
5.1 5.2 5.3 5.4 5.5 5.6 5.7 5.8 5.8 5.9 6 6 6 6.1 6.1 6.1 6.2 6.2 6.2 6.2 6.2 6.2 6.2 6.2 6.2 6.2 6.2 6.2 6.2 6.2 6.2 6.2 6.2 6.2 6.2 6.2 6.1 6.1 6.1 6 6 6 5.9 5.8 5.8 5.7 5.6 5.5 5.4 5.3 5.2 5.1 
5.1 5.2 5.3 5.5 5.6 5.6 5.7 5.8 5.9 5.9 6 6 6.1 6.1 6.2 6.2 6.2 6.2 6.2 6.3 6.3 6.3 6.3 6.3 6.3 6.3 6.3 6.3 6.3 6.3 6.3 6.3 6.3 6.2 6.2 6.2 6.2 6.2 6.1 6.1 6 6 5.9 5.9 5.8 5.7 5.6 5.6 5.5 5.3 5.2 5.1 
5.1 5.2 5.4 5.5 5.6 5.7 5.8 5.8 5.9 6 6 6.1 6.1 6.2 6.2 6.2 6.2 6.3 6.3 6.3 6.3 6.3 6.3 6.3 6.3 6.3 6.3 6.3 6.3 6.3 6.3 6.3 6.3 6.3 6.3 6.2 6.2 6.2 6.2 6.1 6.1 6 6 5.9 5.8 5.8 5.7 5.6 5.5 5.4 5.2 5.1 
5.1 5.2 5.4 5.5 5.6 5.7 5.8 5.9 5.9 6 6.1 6.1 6.1 6.2 6.2 6.3 6.3 6.3 6.3 6.3 6.3 6.4 6.4 6.4 6.4 6.4 6.4 6.4 6.4 6.4 6.4 6.3 6.3 6.3 6.3 6.3 6.3 6.2 6.2 6.1 6.1 6.1 6 5.9 5.9 5.8 5.7 5.6 5.5 5.4 5.2 5.1 
5.1 5.3 5.4 5.5 5.6 5.7 5.8 5.9 5.9 6 6.1 6.1 6.2 6.2 6.2 6.3 6.3 6.3 6.3 6.4 6.4 6.4 6.4 6.4 6.4 6.4 6.4 6.4 6.4 6.4 6.4 6.4 6.4 6.3 6.3 6.3 6.3 6.2 6.2 6.2 6.1 6.1 6 5.9 5.9 5.8 5.7 5.6 5.5 5.4 5.3 5.1 
5.1 5.3 5.4 5.5 5.6 5.7 5.8 5.9 6 6 6.1 6.1 6.2 6.2 6.3 6.3 6.3 6.3 6.4 6.4 6.4 6.4 6.4 6.4 6.4 6.4 6.4 6.4 6.4 6.4 6.4 6.4 6.4 6.4 6.3 6.3 6.3 6.3 6.2 6.2 6.1 6.1 6 6 5.9 5.8 5.7 5.6 5.5 5.4 5.3 5.1 
5.1 5.3 5.4 5.5 5.6 5.7 5.8 5.9 6 6 6.1 6.2 6.2 6.2 6.3 6.3 6.3 6.4 6.4 6.4 6.4 6.4 6.4 6.4 6.4 6.4 6.4 6.4 6.4 6.4 6.4 6.4 6.4 6.4 6.4 6.3 6.3 6.3 6.2 6.2 6.2 6.1 6 6 5.9 5.8 5.7 5.6 5.5 5.4 5.3 5.1 
5.1 5.3 5.4 5.5 5.6 5.7 5.8 5.9 6 6 6.1 6.2 6.2 6.2 6.3 6.3 6.3 6.4 6.4 6.4 6.4 6.4 6.4 6.4 6.4 6.4 6.4 6.4 6.4 6.4 6.4 6.4 6.4 6.4 6.4 6.3 6.3 6.3 6.2 6.2 6.2 6.1 6 6 5.9 5.8 5.7 5.6 5.5 5.4 5.3 5.1 
5.1 5.3 5.4 5.5 5.6 5.7 5.8 5.9 6 6 6.1 6.2 6.2 6.2 6.3 6.3 6.3 6.4 6.4 6.4 6.4 6.4 6.4 6.4 6.4 6.4 6.4 6.4 6.4 6.4 6.4 6.4 6.4 6.4 6.4 6.3 6.3 6.3 6.2 6.2 6.2 6.1 6 6 5.9 5.8 5.7 5.6 5.5 5.4 5.3 5.1 
5.1 5.3 5.4 5.5 5.6 5.7 5.8 5.9 6 6 6.1 6.2 6.2 6.2 6.3 6.3 6.3 6.4 6.4 6.4 6.4 6.4 6.4 6.4 6.4 6.4 6.4 6.4 6.4 6.4 6.4 6.4 6.4 6.4 6.4 6.3 6.3 6.3 6.2 6.2 6.2 6.1 6 6 5.9 5.8 5.7 5.6 5.5 5.4 5.3 5.1 
5.1 5.3 5.4 5.5 5.6 5.7 5.8 5.9 6 6 6.1 6.1 6.2 6.2 6.3 6.3 6.3 6.3 6.4 6.4 6.4 6.4 6.4 6.4 6.4 6.4 6.4 6.4 6.4 6.4 6.4 6.4 6.4 6.4 6.3 6.3 6.3 6.3 6.2 6.2 6.1 6.1 6 6 5.9 5.8 5.7 5.6 5.5 5.4 5.3 5.1 
5.1 5.3 5.4 5.5 5.6 5.7 5.8 5.9 5.9 6 6.1 6.1 6.2 6.2 6.2 6.3 6.3 6.3 6.3 6.4 6.4 6.4 6.4 6.4 6.4 6.4 6.4 6.4 6.4 6.4 6.4 6.4 6.4 6.3 6.3 6.3 6.3 6.2 6.2 6.2 6.1 6.1 6 5.9 5.9 5.8 5.7 5.6 5.5 5.4 5.3 5.1 
5.1 5.2 5.4 5.5 5.6 5.7 5.8 5.9 5.9 6 6.1 6.1 6.1 6.2 6.2 6.3 6.3 6.3 6.3 6.3 6.3 6.4 6.4 6.4 6.4 6.4 6.4 6.4 6.4 6.4 6.4 6.3 6.3 6.3 6.3 6.3 6.3 6.2 6.2 6.1 6.1 6.1 6 5.9 5.9 5.8 5.7 5.6 5.5 5.4 5.2 5.1 
5.1 5.2 5.4 5.5 5.6 5.7 5.8 5.8 5.9 6 6 6.1 6.1 6.2 6.2 6.2 6.2 6.3 6.3 6.3 6.3 6.3 6.3 6.3 6.3 6.3 6.3 6.3 6.3 6.3 6.3 6.3 6.3 6.3 6.3 6.2 6.2 6.2 6.2 6.1 6.1 6 6 5.9 5.8 5.8 5.7 5.6 5.5 5.4 5.2 5.1 
5.1 5.2 5.3 5.5 5.6 5.6 5.7 5.8 5.9 5.9 6 6 6.1 6.1 6.2 6.2 6.2 6.2 6.2 6.3 6.3 6.3 6.3 6.3 6.3 6.3 6.3 6.3 6.3 6.3 6.3 6.3 6.3 6.2 6.2 6.2 6.2 6.2 6.1 6.1 6 6 5.9 5.9 5.8 5.7 5.6 5.6 5.5 5.3 5.2 5.1 
5.1 5.2 5.3 5.4 5.5 5.6 5.7 5.8 5.8 5.9 6 6 6 6.1 6.1 6.1 6.2 6.2 6.2 6.2 6.2 6.2 6.2 6.2 6.2 6.2 6.2 6.2 6.2 6.2 6.2 6.2 6.2 6.2 6.2 6.2 6.1 6.1 6.1 6 6 6 5.9 5.8 5.8 5.7 5.6 5.5 5.4 5.3 5.2 5.1 
5.1 5.2 5.3 5.4 5.5 5.6 5.7 5.7 5.8 5.9 5.9 6 6 6 6.1 6.1 6.1 6.1 6.1 6.1 6.2 6.2 6.2 6.2 6.2 6.2 6.2 6.2 6.2 6.2 6.2 6.2 6.1 6.1 6.1 6.1 6.1 6.1 6 6 6 5.9 5.9 5.8 5.7 5.7 5.6 5.5 5.4 5.3 5.2 5.1 
5.1 5.2 5.3 5.4 5.5 5.6 5.6 5.7 5.8 5.8 5.9 5.9 5.9 6 6 6 6 6.1 6.1 6.1 6.1 6.1 6.1 6.1 6.1 6.1 6.1 6.1 6.1 6.1 6.1 6.1 6.1 6.1 6.1 6 6 6 6 5.9 5.9 5.9 5.8 5.8 5.7 5.6 5.6 5.5 5.4 5.3 5.2 5.1 
5.1 5.2 5.3 5.4 5.4 5.5 5.6 5.6 5.7 5.7 5.8 5.8 5.9 5.9 5.9 5.9 6 6 6 6 6 6 6 6 6 6 6 6 6 6 6 6 6 6 6 6 5.9 5.9 5.9 5.9 5.8 5.8 5.7 5.7 5.6 5.6 5.5 5.4 5.4 5.3 5.2 5.1 
5.1 5.2 5.3 5.3 5.4 5.5 5.5 5.6 5.6 5.7 5.7 5.8 5.8 5.8 5.8 5.9 5.9 5.9 5.9 5.9 5.9 5.9 5.9 5.9 5.9 5.9 5.9 5.9 5.9 5.9 5.9 5.9 5.9 5.9 5.9 5.9 5.9 5.8 5.8 5.8 5.8 5.7 5.7 5.6 5.6 5.5 5.5 5.4 5.3 5.3 5.2 5.1 
5.1 5.1 5.2 5.3 5.4 5.4 5.5 5.5 5.6 5.6 5.6 5.7 5.7 5.7 5.7 5.8 5.8 5.8 5.8 5.8 5.8 5.8 5.8 5.8 5.8 5.8 5.8 5.8 5.8 5.8 5.8 5.8 5.8 5.8 5.8 5.8 5.8 5.7 5.7 5.7 5.7 5.6 5.6 5.6 5.5 5.5 5.4 5.4 5.3 5.2 5.1 5.1 
5.1 5.1 5.2 5.2 5.3 5.4 5.4 5.4 5.5 5.5 5.5 5.6 5.6 5.6 5.6 5.7 5.7 5.7 5.7 5.7 5.7 5.7 5.7 5.7 5.7 5.7 5.7 5.7 5.7 5.7 5.7 5.7 5.7 5.7 5.7 5.7 5.7 5.6 5.6 5.6 5.6 5.5 5.5 5.5 5.4 5.4 5.4 5.3 5.2 5.2 5.1 5.1 
5 5.1 5.1 5.2 5.2 5.3 5.3 5.4 5.4 5.4 5.4 5.5 5.5 5.5 5.5 5.5 5.5 5.6 5.6 5.6 5.6 5.6 5.6 5.6 5.6 5.6 5.6 5.6 5.6 5.6 5.6 5.6 5.6 5.6 5.6 5.5 5.5 5.5 5.5 5.5 5.5 5.4 5.4 5.4 5.4 5.3 5.3 5.2 5.2 5.1 5.1 5 
5 5.1 5.1 5.1 5.2 5.2 5.2 5.3 5.3 5.3 5.3 5.3 5.4 5.4 5.4 5.4 5.4 5.4 5.4 5.4 5.4 5.4 5.4 5.5 5.5 5.5 5.5 5.5 5.5 5.4 5.4 5.4 5.4 5.4 5.4 5.4 5.4 5.4 5.4 5.4 5.3 5.3 5.3 5.3 5.3 5.2 5.2 5.2 5.1 5.1 5.1 5 
5 5 5 5.1 5.1 5.1 5.1 5.1 5.2 5.2 5.2 5.2 5.2 5.2 5.2 5.3 5.3 5.3 5.3 5.3 5.3 5.3 5.3 5.3 5.3 5.3 5.3 5.3 5.3 5.3 5.3 5.3 5.3 5.3 5.3 5.3 5.3 5.2 5.2 5.2 5.2 5.2 5.2 5.2 5.1 5.1 5.1 5.1 5.1 5 5 5 
5 5 5 5 5 5 5 5 5 5 5 5.1 5.1 5.1 5.1 5.1 5.1 5.1 5.1 5.1 5.1 5.1 5.1 5.1 5.1 5.1 5.1 5.1 5.1 5.1 5.1 5.1 5.1 5.1 5.1 5.1 5.1 5.1 5.1 5.1 5.1 5 5 5 5 5 5 5 5 5 5 5 
5 4.9 4.9 4.9 4.9 4.9 4.9 4.9 4.9 4.9 4.9 4.9 4.9 4.9 4.9 4.9 4.9 4.9 4.9 4.9 4.9 4.9 4.9 4.9 4.9 4.9 4.9 4.9 4.9 4.9 4.9 4.9 4.9 4.9 4.9 4.9 4.9 4.9 4.9 4.9 4.9 4.9 4.9 4.9 4.9 4.9 4.9 4.9 4.9 4.9 4.9 5 
4.9 4.9 4.8 4.8 4.7 4.7 4.7 4.7 4.7 4.7 4.7 4.7 4.7 4.7 4.7 4.7 4.7 4.7 4.7 4.7 4.7 4.7 4.7 4.7 4.7 4.7 4.7 4.7 4.7 4.7 4.7 4.7 4.7 4.7 4.7 4.7 4.7 4.7 4.7 4.7 4.7 4.7 4.7 4.7 4.7 4.7 4.7 4.7 4.8 4.8 4.9 4.9 
4.9 4.8 4.7 4.6 4.6 4.5 4.5 4.5 4.5 4.5 4.5 4.5 4.5 4.5 4.5 4.5 4.5 4.5 4.5 4.5 4.5 4.5 4.5 4.5 4.5 4.5 4.5 4.5 4.5 4.5 4.5 4.5 4.5 4.5 4.5 4.5 4.5 4.5 4.5 4.5 4.5 4.5 4.5 4.5 4.5 4.5 4.5 4.6 4.6 4.7 4.8 4.9 
4.8 4.7 4.6 4.5 4.4 4.4 4.3 4.3 4.3 4.3 4.3 4.3 4.3 4.3 4.3 4.3 4.3 4.3 4.3 4.3 4.3 4.3 4.3 4.3 4.3 4.3 4.3 4.3 4.3 4.3 4.3 4.3 4.3 4.3 4.3 4.3 4.3 4.3 4.3 4.3 4.3 4.3 4.3 4.3 4.3 4.3 4.4 4.4 4.5 4.6 4.7 4.8 
4.8 4.5 4.4 4.3 4.2 4.1 4.1 4.1 4.1 4.1 4 4 4 4 4 4 4.1 4.1 4.1 4.1 4.1 4.1 4.1 4.1 4.1 4.1 4.1 4.1 4.1 4.1 4.1 4.1 4.1 4.1 4.1 4.1 4 4 4 4 4 4 4.1 4.1 4.1 4.1 4.1 4.2 4.3 4.4 4.5 4.8 
4.6 4.4 4.2 4 3.9 3.9 3.8 3.8 3.8 3.8 3.8 3.8 3.8 3.8 3.8 3.8 3.8 3.8 3.8 3.8 3.8 3.8 3.8 3.8 3.8 3.8 3.8 3.8 3.8 3.8 3.8 3.8 3.8 3.8 3.8 3.8 3.8 3.8 3.8 3.8 3.8 3.8 3.8 3.8 3.8 3.8 3.9 3.9 4 4.2 4.4 4.6 
4.4 4.1 3.9 3.7 3.7 3.6 3.6 3.6 3.6 3.5 3.5 3.5 3.5 3.5 3.5 3.5 3.5 3.5 3.5 3.5 3.5 3.5 3.5 3.5 3.5 3.5 3.5 3.5 3.5 3.5 3.5 3.5 3.5 3.5 3.5 3.5 3.5 3.5 3.5 3.5 3.5 3.5 3.5 3.6 3.6 3.6 3.6 3.7 3.7 3.9 4.1 4.4 
4 3.6 3.5 3.4 3.3 3.3 3.3 3.3 3.3 3.3 3.3 3.3 3.3 3.3 3.3 3.3 3.3 3.3 3.3 3.3 3.3 3.3 3.3 3.3 3.3 3.3 3.3 3.3 3.3 3.3 3.3 3.3 3.3 3.3 3.3 3.3 3.3 3.3 3.3 3.3 3.3 3.3 3.3 3.3 3.3 3.3 3.3 3.3 3.4 3.5 3.6 4 
