4 3.6 3.4 3.3 3.3 3.2 3.2 3.2 3.2 3.2 3.1 3.1 3.1 3.1 3.1 3.1 3.1 3.1 3.1 3.1 3.1 3.1 3.1 3.1 3.1 3.1 3.1 3.1 3.1 3.1 3.1 3.1 3.1 3.1 3.1 3.1 3.1 3.1 3.1 3.1 3.1 3.1 3.2 3.2 3.2 3.2 3.2 3.3 3.3 3.4 3.6 4 
4.4 4 3.8 3.6 3.5 3.4 3.4 3.4 3.3 3.3 3.3 3.3 3.3 3.2 3.2 3.2 3.2 3.2 3.2 3.2 3.2 3.2 3.2 3.2 3.2 3.2 3.2 3.2 3.2 3.2 3.2 3.2 3.2 3.2 3.2 3.2 3.2 3.2 3.2 3.3 3.3 3.3 3.3 3.3 3.4 3.4 3.4 3.5 3.6 3.8 4 4.4 
4.6 4.3 4 3.8 3.7 3.6 3.6 3.5 3.5 3.4 3.4 3.4 3.4 3.4 3.3 3.3 3.3 3.3 3.3 3.3 3.3 3.3 3.3 3.3 3.3 3.3 3.3 3.3 3.3 3.3 3.3 3.3 3.3 3.3 3.3 3.3 3.3 3.3 3.4 3.4 3.4 3.4 3.4 3.5 3.5 3.6 3.6 3.7 3.8 4 4.3 4.6 
4.7 4.4 4.2 4 3.9 3.8 3.7 3.7 3.6 3.6 3.5 3.5 3.5 3.5 3.5 3.4 3.4 3.4 3.4 3.4 3.4 3.4 3.4 3.4 3.4 3.4 3.4 3.4 3.4 3.4 3.4 3.4 3.4 3.4 3.4 3.4 3.4 3.5 3.5 3.5 3.5 3.5 3.6 3.6 3.7 3.7 3.8 3.9 4 4.2 4.4 4.7 
4.8 4.5 4.3 4.2 4.1 4 3.9 3.8 3.7 3.7 3.7 3.6 3.6 3.6 3.6 3.6 3.5 3.5 3.5 3.5 3.5 3.5 3.5 3.5 3.5 3.5 3.5 3.5 3.5 3.5 3.5 3.5 3.5 3.5 3.5 3.5 3.6 3.6 3.6 3.6 3.6 3.7 3.7 3.7 3.8 3.9 4 4.1 4.2 4.3 4.5 4.8 
4.8 4.6 4.4 4.3 4.2 4.1 4 3.9 3.9 3.8 3.8 3.7 3.7 3.7 3.7 3.7 3.6 3.6 3.6 3.6 3.6 3.6 3.6 3.6 3.6 3.6 3.6 3.6 3.6 3.6 3.6 3.6 3.6 3.6 3.6 3.6 3.7 3.7 3.7 3.7 3.7 3.8 3.8 3.9 3.9 4 4.1 4.2 4.3 4.4 4.6 4.8 
4.8 4.7 4.5 4.4 4.3 4.2 4.1 4 4 3.9 3.9 3.9 3.8 3.8 3.8 3.8 3.7 3.7 3.7 3.7 3.7 3.7 3.7 3.7 3.7 3.7 3.7 3.7 3.7 3.7 3.7 3.7 3.7 3.7 3.7 3.7 3.8 3.8 3.8 3.8 3.9 3.9 3.9 4 4 4.1 4.2 4.3 4.4 4.5 4.7 4.8 
4.9 4.7 4.6 4.5 4.4 4.3 4.2 4.1 4.1 4 4 3.9 3.9 3.9 3.9 3.8 3.8 3.8 3.8 3.8 3.8 3.8 3.8 3.8 3.8 3.8 3.8 3.8 3.8 3.8 3.8 3.8 3.8 3.8 3.8 3.8 3.8 3.9 3.9 3.9 3.9 4 4 4.1 4.1 4.2 4.3 4.4 4.5 4.6 4.7 4.9 
4.9 4.8 4.6 4.5 4.4 4.4 4.3 4.2 4.2 4.1 4.1 4 4 4 4 3.9 3.9 3.9 3.9 3.9 3.9 3.9 3.9 3.9 3.8 3.8 3.8 3.8 3.9 3.9 3.9 3.9 3.9 3.9 3.9 3.9 3.9 4 4 4 4 4.1 4.1 4.2 4.2 4.3 4.4 4.4 4.5 4.6 4.8 4.9 
4.9 4.8 4.7 4.6 4.5 4.4 4.4 4.3 4.2 4.2 4.2 4.1 4.1 4.1 4 4 4 4 4 4 3.9 3.9 3.9 3.9 3.9 3.9 3.9 3.9 3.9 3.9 3.9 3.9 4 4 4 4 4 4 4.1 4.1 4.1 4.2 4.2 4.2 4.3 4.4 4.4 4.5 4.6 4.7 4.8 4.9 
4.9 4.8 4.7 4.6 4.6 4.5 4.4 4.4 4.3 4.3 4.2 4.2 4.2 4.1 4.1 4.1 4.1 4.1 4 4 4 4 4 4 4 4 4 4 4 4 4 4 4 4 4.1 4.1 4.1 4.1 4.1 4.2 4.2 4.2 4.3 4.3 4.4 4.4 4.5 4.6 4.6 4.7 4.8 4.9 
4.9 4.8 4.8 4.7 4.6 4.5 4.5 4.4 4.4 4.3 4.3 4.3 4.2 4.2 4.2 4.2 4.1 4.1 4.1 4.1 4.1 4.1 4.1 4.1 4.1 4.1 4.1 4.1 4.1 4.1 4.1 4.1 4.1 4.1 4.1 4.1 4.2 4.2 4.2 4.2 4.3 4.3 4.3 4.4 4.4 4.5 4.5 4.6 4.7 4.8 4.8 4.9 
4.9 4.9 4.8 4.7 4.7 4.6 4.5 4.5 4.4 4.4 4.4 4.3 4.3 4.3 4.3 4.2 4.2 4.2 4.2 4.2 4.2 4.2 4.1 4.1 4.1 4.1 4.1 4.1 4.1 4.1 4.2 4.2 4.2 4.2 4.2 4.2 4.2 4.3 4.3 4.3 4.3 4.4 4.4 4.4 4.5 4.5 4.6 4.7 4.7 4.8 4.9 4.9 
4.9 4.9 4.8 4.7 4.7 4.6 4.6 4.5 4.5 4.5 4.4 4.4 4.4 4.3 4.3 4.3 4.3 4.3 4.2 4.2 4.2 4.2 4.2 4.2 4.2 4.2 4.2 4.2 4.2 4.2 4.2 4.2 4.2 4.2 4.3 4.3 4.3 4.3 4.3 4.4 4.4 4.4 4.5 4.5 4.5 4.6 4.6 4.7 4.7 4.8 4.9 4.9 
4.9 4.9 4.8 4.8 4.7 4.7 4.6 4.6 4.5 4.5 4.5 4.4 4.4 4.4 4.4 4.3 4.3 4.3 4.3 4.3 4.3 4.3 4.3 4.3 4.3 4.3 4.3 4.3 4.3 4.3 4.3 4.3 4.3 4.3 4.3 4.3 4.3 4.4 4.4 4.4 4.4 4.5 4.5 4.5 4.6 4.6 4.7 4.7 4.8 4.8 4.9 4.9 
4.9 4.9 4.8 4.8 4.7 4.7 4.7 4.6 4.6 4.5 4.5 4.5 4.5 4.4 4.4 4.4 4.4 4.4 4.3 4.3 4.3 4.3 4.3 4.3 4.3 4.3 4.3 4.3 4.3 4.3 4.3 4.3 4.3 4.3 4.4 4.4 4.4 4.4 4.4 4.5 4.5 4.5 4.5 4.6 4.6 4.7 4.7 4.7 4.8 4.8 4.9 4.9 
5 4.9 4.9 4.8 4.8 4.7 4.7 4.7 4.6 4.6 4.6 4.5 4.5 4.5 4.5 4.4 4.4 4.4 4.4 4.4 4.4 4.4 4.4 4.4 4.4 4.4 4.4 4.4 4.4 4.4 4.4 4.4 4.4 4.4 4.4 4.4 4.4 4.5 4.5 4.5 4.5 4.6 4.6 4.6 4.7 4.7 4.7 4.8 4.8 4.9 4.9 5 
5 4.9 4.9 4.8 4.8 4.8 4.7 4.7 4.6 4.6 4.6 4.6 4.5 4.5 4.5 4.5 4.5 4.4 4.4 4.4 4.4 4.4 4.4 4.4 4.4 4.4 4.4 4.4 4.4 4.4 4.4 4.4 4.4 4.4 4.4 4.5 4.5 4.5 4.5 4.5 4.6 4.6 4.6 4.6 4.7 4.7 4.8 4.8 4.8 4.9 4.9 5 
5 4.9 4.9 4.8 4.8 4.8 4.7 4.7 4.7 4.6 4.6 4.6 4.6 4.6 4.5 4.5 4.5 4.5 4.5 4.5 4.5 4.4 4.4 4.4 4.4 4.4 4.4 4.4 4.4 4.4 4.4 4.5 4.5 4.5 4.5 4.5 4.5 4.5 4.6 4.6 4.6 4.6 4.6 4.7 4.7 4.7 4.8 4.8 4.8 4.9 4.9 5 
5 4.9 4.9 4.9 4.8 4.8 4.8 4.7 4.7 4.7 4.6 4.6 4.6 4.6 4.6 4.5 4.5 4.5 4.5 4.5 4.5 4.5 4.5 4.5 4.5 4.5 4.5 4.5 4.5 4.5 4.5 4.5 4.5 4.5 4.5 4.5 4.5 4.6 4.6 4.6 4.6 4.6 4.7 4.7 4.7 4.8 4.8 4.8 4.9 4.9 4.9 5 
5 4.9 4.9 4.9 4.8 4.8 4.8 4.7 4.7 4.7 4.7 4.6 4.6 4.6 4.6 4.6 4.6 4.5 4.5 4.5 4.5 4.5 4.5 4.5 4.5 4.5 4.5 4.5 4.5 4.5 4.5 4.5 4.5 4.5 4.5 4.6 4.6 4.6 4.6 4.6 4.6 4.7 4.7 4.7 4.7 4.8 4.8 4.8 4.9 4.9 4.9 5 
5 4.9 4.9 4.9 4.8 4.8 4.8 4.8 4.7 4.7 4.7 4.7 4.6 4.6 4.6 4.6 4.6 4.6 4.6 4.5 4.5 4.5 4.5 4.5 4.5 4.5 4.5 4.5 4.5 4.5 4.5 4.5 4.5 4.6 4.6 4.6 4.6 4.6 4.6 4.6 4.7 4.7 4.7 4.7 4.8 4.8 4.8 4.8 4.9 4.9 4.9 5 
5 4.9 4.9 4.9 4.9 4.8 4.8 4.8 4.7 4.7 4.7 4.7 4.7 4.6 4.6 4.6 4.6 4.6 4.6 4.6 4.6 4.5 4.5 4.5 4.5 4.5 4.5 4.5 4.5 4.5 4.5 4.6 4.6 4.6 4.6 4.6 4.6 4.6 4.6 4.7 4.7 4.7 4.7 4.7 4.8 4.8 4.8 4.9 4.9 4.9 4.9 5 
5 4.9 4.9 4.9 4.9 4.8 4.8 4.8 4.8 4.7 4.7 4.7 4.7 4.7 4.6 4.6 4.6 4.6 4.6 4.6 4.6 4.6 4.6 4.6 4.5 4.5 4.5 4.5 4.6 4.6 4.6 4.6 4.6 4.6 4.6 4.6 4.6 4.6 4.7 4.7 4.7 4.7 4.7 4.8 4.8 4.8 4.8 4.9 4.9 4.9 4.9 5 
5 4.9 4.9 4.9 4.9 4.8 4.8 4.8 4.8 4.7 4.7 4.7 4.7 4.7 4.6 4.6 4.6 4.6 4.6 4.6 4.6 4.6 4.6 4.6 4.6 4.6 4.6 4.6 4.6 4.6 4.6 4.6 4.6 4.6 4.6 4.6 4.6 4.6 4.7 4.7 4.7 4.7 4.7 4.8 4.8 4.8 4.8 4.9 4.9 4.9 4.9 5 
5 4.9 4.9 4.9 4.9 4.8 4.8 4.8 4.8 4.7 4.7 4.7 4.7 4.7 4.6 4.6 4.6 4.6 4.6 4.6 4.6 4.6 4.6 4.6 4.6 4.6 4.6 4.6 4.6 4.6 4.6 4.6 4.6 4.6 4.6 4.6 4.6 4.6 4.7 4.7 4.7 4.7 4.7 4.8 4.8 4.8 4.8 4.9 4.9 4.9 4.9 5 
5 4.9 4.9 4.9 4.9 4.8 4.8 4.8 4.8 4.7 4.7 4.7 4.7 4.7 4.6 4.6 4.6 4.6 4.6 4.6 4.6 4.6 4.6 4.6 4.6 4.6 4.6 4.6 4.6 4.6 4.6 4.6 4.6 4.6 4.6 4.6 4.6 4.6 4.7 4.7 4.7 4.7 4.7 4.8 4.8 4.8 4.8 4.9 4.9 4.9 4.9 5 
5 4.9 4.9 4.9 4.9 4.8 4.8 4.8 4.8 4.7 4.7 4.7 4.7 4.7 4.6 4.6 4.6 4.6 4.6 4.6 4.6 4.6 4.6 4.6 4.6 4.6 4.6 4.6 4.6 4.6 4.6 4.6 4.6 4.6 4.6 4.6 4.6 4.6 4.7 4.7 4.7 4.7 4.7 4.8 4.8 4.8 4.8 4.9 4.9 4.9 4.9 5 
5 4.9 4.9 4.9 4.9 4.8 4.8 4.8 4.8 4.7 4.7 4.7 4.7 4.7 4.6 4.6 4.6 4.6 4.6 4.6 4.6 4.6 4.6 4.6 4.5 4.5 4.5 4.5 4.6 4.6 4.6 4.6 4.6 4.6 4.6 4.6 4.6 4.6 4.7 4.7 4.7 4.7 4.7 4.8 4.8 4.8 4.8 4.9 4.9 4.9 4.9 5 
5 4.9 4.9 4.9 4.9 4.8 4.8 4.8 4.7 4.7 4.7 4.7 4.7 4.6 4.6 4.6 4.6 4.6 4.6 4.6 4.6 4.5 4.5 4.5 4.5 4.5 4.5 4.5 4.5 4.5 4.5 4.6 4.6 4.6 4.6 4.6 4.6 4.6 4.6 4.7 4.7 4.7 4.7 4.7 4.8 4.8 4.8 4.9 4.9 4.9 4.9 5 
5 4.9 4.9 4.9 4.8 4.8 4.8 4.8 4.7 4.7 4.7 4.7 4.6 4.6 4.6 4.6 4.6 4.6 4.6 4.5 4.5 4.5 4.5 4.5 4.5 4.5 4.5 4.5 4.5 4.5 4.5 4.5 4.5 4.6 4.6 4.6 4.6 4.6 4.6 4.6 4.7 4.7 4.7 4.7 4.8 4.8 4.8 4.8 4.9 4.9 4.9 5 
5 4.9 4.9 4.9 4.8 4.8 4.8 4.7 4.7 4.7 4.7 4.6 4.6 4.6 4.6 4.6 4.6 4.5 4.5 4.5 4.5 4.5 4.5 4.5 4.5 4.5 4.5 4.5 4.5 4.5 4.5 4.5 4.5 4.5 4.5 4.6 4.6 4.6 4.6 4.6 4.6 4.7 4.7 4.7 4.7 4.8 4.8 4.8 4.9 4.9 4.9 5 
5 4.9 4.9 4.9 4.8 4.8 4.8 4.7 4.7 4.7 4.6 4.6 4.6 4.6 4.6 4.5 4.5 4.5 4.5 4.5 4.5 4.5 4.5 4.5 4.5 4.5 4.5 4.5 4.5 4.5 4.5 4.5 4.5 4.5 4.5 4.5 4.5 4.6 4.6 4.6 4.6 4.6 4.7 4.7 4.7 4.8 4.8 4.8 4.9 4.9 4.9 5 
5 4.9 4.9 4.8 4.8 4.8 4.7 4.7 4.7 4.6 4.6 4.6 4.6 4.6 4.5 4.5 4.5 4.5 4.5 4.5 4.5 4.4 4.4 4.4 4.4 4.4 4.4 4.4 4.4 4.4 4.4 4.5 4.5 4.5 4.5 4.5 4.5 4.5 4.6 4.6 4.6 4.6 4.6 4.7 4.7 4.7 4.8 4.8 4.8 4.9 4.9 5 
5 4.9 4.9 4.8 4.8 4.8 4.7 4.7 4.6 4.6 4.6 4.6 4.5 4.5 4.5 4.5 4.5 4.4 4.4 4.4 4.4 4.4 4.4 4.4 4.4 4.4 4.4 4.4 4.4 4.4 4.4 4.4 4.4 4.4 4.4 4.5 4.5 4.5 4.5 4.5 4.6 4.6 4.6 4.6 4.7 4.7 4.8 4.8 4.8 4.9 4.9 5 
5 4.9 4.9 4.8 4.8 4.7 4.7 4.7 4.6 4.6 4.6 4.5 4.5 4.5 4.5 4.4 4.4 4.4 4.4 4.4 4.4 4.4 4.4 4.4 4.4 4.4 4.4 4.4 4.4 4.4 4.4 4.4 4.4 4.4 4.4 4.4 4.4 4.5 4.5 4.5 4.5 4.6 4.6 4.6 4.7 4.7 4.7 4.8 4.8 4.9 4.9 5 
4.9 4.9 4.8 4.8 4.7 4.7 4.7 4.6 4.6 4.5 4.5 4.5 4.5 4.4 4.4 4.4 4.4 4.4 4.3 4.3 4.3 4.3 4.3 4.3 4.3 4.3 4.3 4.3 4.3 4.3 4.3 4.3 4.3 4.3 4.4 4.4 4.4 4.4 4.4 4.5 4.5 4.5 4.5 4.6 4.6 4.7 4.7 4.7 4.8 4.8 4.9 4.9 
4.9 4.9 4.8 4.8 4.7 4.7 4.6 4.6 4.5 4.5 4.5 4.4 4.4 4.4 4.4 4.3 4.3 4.3 4.3 4.3 4.3 4.3 4.3 4.3 4.3 4.3 4.3 4.3 4.3 4.3 4.3 4.3 4.3 4.3 4.3 4.3 4.3 4.4 4.4 4.4 4.4 4.5 4.5 4.5 4.6 4.6 4.7 4.7 4.8 4.8 4.9 4.9 
4.9 4.9 4.8 4.7 4.7 4.6 4.6 4.5 4.5 4.5 4.4 4.4 4.4 4.3 4.3 4.3 4.3 4.3 4.2 4.2 4.2 4.2 4.2 4.2 4.2 4.2 4.2 4.2 4.2 4.2 4.2 4.2 4.2 4.2 4.3 4.3 4.3 4.3 4.3 4.4 4.4 4.4 4.5 4.5 4.5 4.6 4.6 4.7 4.7 4.8 4.9 4.9 
4.9 4.9 4.8 4.7 4.7 4.6 4.5 4.5 4.4 4.4 4.4 4.3 4.3 4.3 4.3 4.2 4.2 4.2 4.2 4.2 4.2 4.2 4.1 4.1 4.1 4.1 4.1 4.1 4.1 4.1 4.2 4.2 4.2 4.2 4.2 4.2 4.2 4.3 4.3 4.3 4.3 4.4 4.4 4.4 4.5 4.5 4.6 4.7 4.7 4.8 4.9 4.9 
4.9 4.8 4.8 4.7 4.6 4.5 4.5 4.4 4.4 4.3 4.3 4.3 4.2 4.2 4.2 4.2 4.1 4.1 4.1 4.1 4.1 4.1 4.1 4.1 4.1 4.1 4.1 4.1 4.1 4.1 4.1 4.1 4.1 4.1 4.1 4.1 4.2 4.2 4.2 4.2 4.3 4.3 4.3 4.4 4.4 4.5 4.5 4.6 4.7 4.8 4.8 4.9 
4.9 4.8 4.7 4.6 4.6 4.5 4.4 4.4 4.3 4.3 4.2 4.2 4.2 4.1 4.1 4.1 4.1 4.1 4 4 4 4 4 4 4 4 4 4 4 4 4 4 4 4 4.1 4.1 4.1 4.1 4.1 4.2 4.2 4.2 4.3 4.3 4.4 4.4 4.5 4.6 4.6 4.7 4.8 4.9 
4.9 4.8 4.7 4.6 4.5 4.4 4.4 4.3 4.2 4.2 4.2 4.1 4.1 4.1 4 4 4 4 4 4 3.9 3.9 3.9 3.9 3.9 3.9 3.9 3.9 3.9 3.9 3.9 3.9 4 4 4 4 4 4 4.1 4.1 4.1 4.2 4.2 4.2 4.3 4.4 4.4 4.5 4.6 4.7 4.8 4.9 
4.9 4.8 4.6 4.5 4.4 4.4 4.3 4.2 4.2 4.1 4.1 4 4 4 4 3.9 3.9 3.9 3.9 3.9 3.9 3.9 3.9 3.9 3.8 3.8 3.8 3.8 3.9 3.9 3.9 3.9 3.9 3.9 3.9 3.9 3.9 4 4 4 4 4.1 4.1 4.2 4.2 4.3 4.4 4.4 4.5 4.6 4.8 4.9 
4.9 4.7 4.6 4.5 4.4 4.3 4.2 4.1 4.1 4 4 3.9 3.9 3.9 3.9 3.8 3.8 3.8 3.8 3.8 3.8 3.8 3.8 3.8 3.8 3.8 3.8 3.8 3.8 3.8 3.8 3.8 3.8 3.8 3.8 3.8 3.8 3.9 3.9 3.9 3.9 4 4 4.1 4.1 4.2 4.3 4.4 4.5 4.6 4.7 4.9 
4.8 4.7 4.5 4.4 4.3 4.2 4.1 4 4 3.9 3.9 3.9 3.8 3.8 3.8 3.8 3.7 3.7 3.7 3.7 3.7 3.7 3.7 3.7 3.7 3.7 3.7 3.7 3.7 3.7 3.7 3.7 3.7 3.7 3.7 3.7 3.8 3.8 3.8 3.8 3.9 3.9 3.9 4 4 4.1 4.2 4.3 4.4 4.5 4.7 4.8 
4.8 4.6 4.4 4.3 4.2 4.1 4 3.9 3.9 3.8 3.8 3.7 3.7 3.7 3.7 3.7 3.6 3.6 3.6 3.6 3.6 3.6 3.6 3.6 3.6 3.6 3.6 3.6 3.6 3.6 3.6 3.6 3.6 3.6 3.6 3.6 3.7 3.7 3.7 3.7 3.7 3.8 3.8 3.9 3.9 4 4.1 4.2 4.3 4.4 4.6 4.8 
4.8 4.5 4.3 4.2 4.1 4 3.9 3.8 3.7 3.7 3.7 3.6 3.6 3.6 3.6 3.6 3.5 3.5 3.5 3.5 3.5 3.5 3.5 3.5 3.5 3.5 3.5 3.5 3.5 3.5 3.5 3.5 3.5 3.5 3.5 3.5 3.6 3.6 3.6 3.6 3.6 3.7 3.7 3.7 3.8 3.9 4 4.1 4.2 4.3 4.5 4.8 
4.7 4.4 4.2 4 3.9 3.8 3.7 3.7 3.6 3.6 3.5 3.5 3.5 3.5 3.5 3.4 3.4 3.4 3.4 3.4 3.4 3.4 3.4 3.4 3.4 3.4 3.4 3.4 3.4 3.4 3.4 3.4 3.4 3.4 3.4 3.4 3.4 3.5 3.5 3.5 3.5 3.5 3.6 3.6 3.7 3.7 3.8 3.9 4 4.2 4.4 4.7 
4.6 4.3 4 3.8 3.7 3.6 3.6 3.5 3.5 3.4 3.4 3.4 3.4 3.4 3.3 3.3 3.3 3.3 3.3 3.3 3.3 3.3 3.3 3.3 3.3 3.3 3.3 3.3 3.3 3.3 3.3 3.3 3.3 3.3 3.3 3.3 3.3 3.3 3.4 3.4 3.4 3.4 3.4 3.5 3.5 3.6 3.6 3.7 3.8 4 4.3 4.6 
4.4 4 3.8 3.6 3.5 3.4 3.4 3.4 3.3 3.3 3.3 3.3 3.3 3.2 3.2 3.2 3.2 3.2 3.2 3.2 3.2 3.2 3.2 3.2 3.2 3.2 3.2 3.2 3.2 3.2 3.2 3.2 3.2 3.2 3.2 3.2 3.2 3.2 3.2 3.3 3.3 3.3 3.3 3.3 3.4 3.4 3.4 3.5 3.6 3.8 4 4.4 
4 3.6 3.4 3.3 3.3 3.2 3.2 3.2 3.2 3.2 3.1 3.1 3.1 3.1 3.1 3.1 3.1 3.1 3.1 3.1 3.1 3.1 3.1 3.1 3.1 3.1 3.1 3.1 3.1 3.1 3.1 3.1 3.1 3.1 3.1 3.1 3.1 3.1 3.1 3.1 3.1 3.1 3.2 3.2 3.2 3.2 3.2 3.3 3.3 3.4 3.6 4 
