4.1 3.7 3.6 3.5 3.5 3.5 3.5 3.5 3.5 3.5 3.5 3.5 3.5 3.5 3.5 3.5 3.5 3.5 3.5 3.5 3.5 3.5 3.5 3.5 3.5 3.5 3.5 3.5 3.5 3.5 3.5 3.5 3.5 3.5 3.5 3.5 3.5 3.5 3.5 3.5 3.5 3.5 3.5 3.5 3.5 3.5 3.5 3.5 3.5 3.6 3.7 4.1 
4.5 4.2 4.1 4 4 4 4 4 4 4 4 4 4 4 4 4 4 4 4 4 4 4 4 4 4 4 4 4 4 4 4 4 4 4 4 4 4 4 4 4 4 4 4 4 4 4 4 4 4 4.1 4.2 4.5 
4.7 4.6 4.5 4.4 4.4 4.4 4.4 4.4 4.4 4.4 4.5 4.5 4.5 4.5 4.5 4.5 4.5 4.5 4.5 4.5 4.5 4.5 4.5 4.5 4.5 4.5 4.5 4.5 4.5 4.5 4.5 4.5 4.5 4.5 4.5 4.5 4.5 4.5 4.5 4.5 4.5 4.5 4.4 4.4 4.4 4.4 4.4 4.4 4.4 4.5 4.6 4.7 
4.9 4.8 4.8 4.8 4.8 4.8 4.8 4.8 4.8 4.9 4.9 4.9 4.9 4.9 4.9 4.9 4.9 4.9 4.9 4.9 4.9 5 5 5 5 5 5 5 5 5 5 4.9 4.9 4.9 4.9 4.9 4.9 4.9 4.9 4.9 4.9 4.9 4.9 4.8 4.8 4.8 4.8 4.8 4.8 4.8 4.8 4.9 
5 5 5 5 5.1 5.1 5.1 5.2 5.2 5.2 5.2 5.3 5.3 5.3 5.3 5.3 5.3 5.3 5.3 5.3 5.3 5.3 5.3 5.3 5.3 5.3 5.3 5.3 5.3 5.3 5.3 5.3 5.3 5.3 5.3 5.3 5.3 5.3 5.3 5.3 5.3 5.2 5.2 5.2 5.2 5.1 5.1 5.1 5 5 5 5 
5.1 5.1 5.2 5.3 5.3 5.4 5.4 5.5 5.5 5.5 5.6 5.6 5.6 5.6 5.6 5.7 5.7 5.7 5.7 5.7 5.7 5.7 5.7 5.7 5.7 5.7 5.7 5.7 5.7 5.7 5.7 5.7 5.7 5.7 5.7 5.7 5.7 5.6 5.6 5.6 5.6 5.6 5.5 5.5 5.5 5.4 5.4 5.3 5.3 5.2 5.1 5.1 
5.1 5.2 5.3 5.4 5.5 5.6 5.7 5.7 5.8 5.8 5.9 5.9 5.9 5.9 5.9 5.9 6 6 6 6 6 6 6 6 6 6 6 6 6 6 6 6 6 6 6 6 5.9 5.9 5.9 5.9 5.9 5.9 5.8 5.8 5.7 5.7 5.6 5.5 5.4 5.3 5.2 5.1 
5.2 5.3 5.5 5.6 5.7 5.8 5.9 5.9 6 6.1 6.1 6.1 6.2 6.2 6.2 6.2 6.2 6.2 6.2 6.2 6.3 6.3 6.3 6.3 6.3 6.3 6.3 6.3 6.3 6.3 6.3 6.3 6.2 6.2 6.2 6.2 6.2 6.2 6.2 6.2 6.1 6.1 6.1 6 5.9 5.9 5.8 5.7 5.6 5.5 5.3 5.2 
5.2 5.4 5.6 5.7 5.8 6 6.1 6.1 6.2 6.3 6.3 6.3 6.4 6.4 6.4 6.4 6.4 6.5 6.5 6.5 6.5 6.5 6.5 6.5 6.5 6.5 6.5 6.5 6.5 6.5 6.5 6.5 6.5 6.5 6.5 6.4 6.4 6.4 6.4 6.4 6.3 6.3 6.3 6.2 6.1 6.1 6 5.8 5.7 5.6 5.4 5.2 
5.2 5.4 5.6 5.8 6 6.1 6.2 6.3 6.4 6.4 6.5 6.5 6.6 6.6 6.6 6.6 6.6 6.7 6.7 6.7 6.7 6.7 6.7 6.7 6.7 6.7 6.7 6.7 6.7 6.7 6.7 6.7 6.7 6.7 6.7 6.6 6.6 6.6 6.6 6.6 6.5 6.5 6.4 6.4 6.3 6.2 6.1 6 5.8 5.6 5.4 5.2 
5.2 5.5 5.7 5.9 6.1 6.2 6.3 6.4 6.5 6.6 6.6 6.7 6.7 6.7 6.8 6.8 6.8 6.8 6.8 6.8 6.9 6.9 6.9 6.9 6.9 6.9 6.9 6.9 6.9 6.9 6.9 6.9 6.8 6.8 6.8 6.8 6.8 6.8 6.7 6.7 6.7 6.6 6.6 6.5 6.4 6.3 6.2 6.1 5.9 5.7 5.5 5.2 
5.3 5.5 5.7 5.9 6.1 6.3 6.4 6.5 6.6 6.7 6.7 6.8 6.8 6.9 6.9 6.9 7 7 7 7 7 7 7 7 7 7 7 7 7 7 7 7 7 7 7 7 6.9 6.9 6.9 6.8 6.8 6.7 6.7 6.6 6.5 6.4 6.3 6.1 5.9 5.7 5.5 5.3 
5.3 5.5 5.8 6 6.2 6.4 6.5 6.6 6.7 6.8 6.9 6.9 7 7 7 7.1 7.1 7.1 7.1 7.1 7.1 7.1 7.1 7.1 7.2 7.2 7.2 7.2 7.1 7.1 7.1 7.1 7.1 7.1 7.1 7.1 7.1 7 7 7 6.9 6.9 6.8 6.7 6.6 6.5 6.4 6.2 6 5.8 5.5 5.3 
5.3 5.6 5.8 6 6.2 6.4 6.6 6.7 6.8 6.9 6.9 7 7.1 7.1 7.1 7.2 7.2 7.2 7.2 7.2 7.2 7.2 7.3 7.3 7.3 7.3 7.3 7.3 7.3 7.3 7.2 7.2 7.2 7.2 7.2 7.2 7.2 7.1 7.1 7.1 7 6.9 6.9 6.8 6.7 6.6 6.4 6.2 6 5.8 5.6 5.3 
5.3 5.6 5.8 6.1 6.3 6.5 6.6 6.8 6.9 7 7 7.1 7.1 7.2 7.2 7.3 7.3 7.3 7.3 7.3 7.3 7.3 7.4 7.4 7.4 7.4 7.4 7.4 7.4 7.4 7.3 7.3 7.3 7.3 7.3 7.3 7.3 7.2 7.2 7.1 7.1 7 7 6.9 6.8 6.6 6.5 6.3 6.1 5.8 5.6 5.3 
5.3 5.6 5.9 6.1 6.3 6.5 6.7 6.8 6.9 7 7.1 7.2 7.2 7.3 7.3 7.3 7.4 7.4 7.4 7.4 7.4 7.4 7.4 7.4 7.4 7.4 7.4 7.4 7.4 7.4 7.4 7.4 7.4 7.4 7.4 7.4 7.3 7.3 7.3 7.2 7.2 7.1 7 6.9 6.8 6.7 6.5 6.3 6.1 5.9 5.6 5.3 
5.3 5.6 5.9 6.1 6.4 6.6 6.7 6.9 7 7.1 7.2 7.2 7.3 7.3 7.4 7.4 7.4 7.4 7.5 7.5 7.5 7.5 7.5 7.5 7.5 7.5 7.5 7.5 7.5 7.5 7.5 7.5 7.5 7.5 7.4 7.4 7.4 7.4 7.3 7.3 7.2 7.2 7.1 7 6.9 6.7 6.6 6.4 6.1 5.9 5.6 5.3 
5.3 5.6 5.9 6.2 6.4 6.6 6.8 6.9 7 7.1 7.2 7.3 7.3 7.4 7.4 7.5 7.5 7.5 7.5 7.5 7.6 7.6 7.6 7.6 7.6 7.6 7.6 7.6 7.6 7.6 7.6 7.6 7.5 7.5 7.5 7.5 7.5 7.4 7.4 7.3 7.3 7.2 7.1 7 6.9 6.8 6.6 6.4 6.2 5.9 5.6 5.3 
5.3 5.6 5.9 6.2 6.4 6.6 6.8 6.9 7 7.2 7.2 7.3 7.4 7.4 7.5 7.5 7.5 7.6 7.6 7.6 7.6 7.6 7.6 7.6 7.6 7.6 7.6 7.6 7.6 7.6 7.6 7.6 7.6 7.6 7.6 7.5 7.5 7.5 7.4 7.4 7.3 7.2 7.2 7 6.9 6.8 6.6 6.4 6.2 5.9 5.6 5.3 
5.3 5.6 5.9 6.2 6.4 6.6 6.8 7 7.1 7.2 7.3 7.3 7.4 7.5 7.5 7.5 7.6 7.6 7.6 7.6 7.6 7.7 7.7 7.7 7.7 7.7 7.7 7.7 7.7 7.7 7.7 7.6 7.6 7.6 7.6 7.6 7.5 7.5 7.5 7.4 7.3 7.3 7.2 7.1 7 6.8 6.6 6.4 6.2 5.9 5.6 5.3 
5.3 5.6 5.9 6.2 6.4 6.6 6.8 7 7.1 7.2 7.3 7.4 7.4 7.5 7.5 7.6 7.6 7.6 7.7 7.7 7.7 7.7 7.7 7.7 7.7 7.7 7.7 7.7 7.7 7.7 7.7 7.7 7.7 7.7 7.6 7.6 7.6 7.5 7.5 7.4 7.4 7.3 7.2 7.1 7 6.8 6.6 6.4 6.2 5.9 5.6 5.3 
5.3 5.7 5.9 6.2 6.5 6.7 6.8 7 7.1 7.2 7.3 7.4 7.5 7.5 7.6 7.6 7.6 7.7 7.7 7.7 7.7 7.7 7.7 7.7 7.7 7.7 7.7 7.7 7.7 7.7 7.7 7.7 7.7 7.7 7.7 7.6 7.6 7.6 7.5 7.5 7.4 7.3 7.2 7.1 7 6.8 6.7 6.5 6.2 5.9 5.7 5.3 
5.3 5.7 6 6.2 6.5 6.7 6.9 7 7.1 7.2 7.3 7.4 7.5 7.5 7.6 7.6 7.7 7.7 7.7 7.7 7.7 7.7 7.8 7.8 7.8 7.8 7.8 7.8 7.8 7.8 7.7 7.7 7.7 7.7 7.7 7.7 7.6 7.6 7.5 7.5 7.4 7.3 7.2 7.1 7 6.9 6.7 6.5 6.2 6 5.7 5.3 
5.3 5.7 6 6.2 6.5 6.7 6.9 7 7.1 7.3 7.4 7.4 7.5 7.6 7.6 7.6 7.7 7.7 7.7 7.7 7.8 7.8 7.8 7.8 7.8 7.8 7.8 7.8 7.8 7.8 7.8 7.8 7.7 7.7 7.7 7.7 7.6 7.6 7.6 7.5 7.4 7.4 7.3 7.1 7 6.9 6.7 6.5 6.2 6 5.7 5.3 
5.3 5.7 6 6.2 6.5 6.7 6.9 7 7.2 7.3 7.4 7.4 7.5 7.6 7.6 7.6 7.7 7.7 7.7 7.7 7.8 7.8 7.8 7.8 7.8 7.8 7.8 7.8 7.8 7.8 7.8 7.8 7.7 7.7 7.7 7.7 7.6 7.6 7.6 7.5 7.4 7.4 7.3 7.2 7 6.9 6.7 6.5 6.2 6 5.7 5.3 
5.3 5.7 6 6.2 6.5 6.7 6.9 7 7.2 7.3 7.4 7.4 7.5 7.6 7.6 7.7 7.7 7.7 7.7 7.8 7.8 7.8 7.8 7.8 7.8 7.8 7.8 7.8 7.8 7.8 7.8 7.8 7.8 7.7 7.7 7.7 7.7 7.6 7.6 7.5 7.4 7.4 7.3 7.2 7 6.9 6.7 6.5 6.2 6 5.7 5.3 
5.3 5.7 6 6.2 6.5 6.7 6.9 7 7.2 7.3 7.4 7.4 7.5 7.6 7.6 7.7 7.7 7.7 7.7 7.8 7.8 7.8 7.8 7.8 7.8 7.8 7.8 7.8 7.8 7.8 7.8 7.8 7.8 7.7 7.7 7.7 7.7 7.6 7.6 7.5 7.4 7.4 7.3 7.2 7 6.9 6.7 6.5 6.2 6 5.7 5.3 
5.3 5.7 6 6.2 6.5 6.7 6.9 7 7.2 7.3 7.4 7.4 7.5 7.6 7.6 7.6 7.7 7.7 7.7 7.7 7.8 7.8 7.8 7.8 7.8 7.8 7.8 7.8 7.8 7.8 7.8 7.8 7.7 7.7 7.7 7.7 7.6 7.6 7.6 7.5 7.4 7.4 7.3 7.2 7 6.9 6.7 6.5 6.2 6 5.7 5.3 
5.3 5.7 6 6.2 6.5 6.7 6.9 7 7.1 7.3 7.4 7.4 7.5 7.6 7.6 7.6 7.7 7.7 7.7 7.7 7.8 7.8 7.8 7.8 7.8 7.8 7.8 7.8 7.8 7.8 7.8 7.8 7.7 7.7 7.7 7.7 7.6 7.6 7.6 7.5 7.4 7.4 7.3 7.1 7 6.9 6.7 6.5 6.2 6 5.7 5.3 
5.3 5.7 6 6.2 6.5 6.7 6.9 7 7.1 7.2 7.3 7.4 7.5 7.5 7.6 7.6 7.7 7.7 7.7 7.7 7.7 7.7 7.8 7.8 7.8 7.8 7.8 7.8 7.8 7.8 7.7 7.7 7.7 7.7 7.7 7.7 7.6 7.6 7.5 7.5 7.4 7.3 7.2 7.1 7 6.9 6.7 6.5 6.2 6 5.7 5.3 
5.3 5.7 5.9 6.2 6.5 6.7 6.8 7 7.1 7.2 7.3 7.4 7.5 7.5 7.6 7.6 7.6 7.7 7.7 7.7 7.7 7.7 7.7 7.7 7.7 7.7 7.7 7.7 7.7 7.7 7.7 7.7 7.7 7.7 7.7 7.6 7.6 7.6 7.5 7.5 7.4 7.3 7.2 7.1 7 6.8 6.7 6.5 6.2 5.9 5.7 5.3 
5.3 5.6 5.9 6.2 6.4 6.6 6.8 7 7.1 7.2 7.3 7.4 7.4 7.5 7.5 7.6 7.6 7.6 7.7 7.7 7.7 7.7 7.7 7.7 7.7 7.7 7.7 7.7 7.7 7.7 7.7 7.7 7.7 7.7 7.6 7.6 7.6 7.5 7.5 7.4 7.4 7.3 7.2 7.1 7 6.8 6.6 6.4 6.2 5.9 5.6 5.3 
5.3 5.6 5.9 6.2 6.4 6.6 6.8 7 7.1 7.2 7.3 7.3 7.4 7.5 7.5 7.5 7.6 7.6 7.6 7.6 7.6 7.7 7.7 7.7 7.7 7.7 7.7 7.7 7.7 7.7 7.7 7.6 7.6 7.6 7.6 7.6 7.5 7.5 7.5 7.4 7.3 7.3 7.2 7.1 7 6.8 6.6 6.4 6.2 5.9 5.6 5.3 
5.3 5.6 5.9 6.2 6.4 6.6 6.8 6.9 7 7.2 7.2 7.3 7.4 7.4 7.5 7.5 7.5 7.6 7.6 7.6 7.6 7.6 7.6 7.6 7.6 7.6 7.6 7.6 7.6 7.6 7.6 7.6 7.6 7.6 7.6 7.5 7.5 7.5 7.4 7.4 7.3 7.2 7.2 7 6.9 6.8 6.6 6.4 6.2 5.9 5.6 5.3 
5.3 5.6 5.9 6.2 6.4 6.6 6.8 6.9 7 7.1 7.2 7.3 7.3 7.4 7.4 7.5 7.5 7.5 7.5 7.5 7.6 7.6 7.6 7.6 7.6 7.6 7.6 7.6 7.6 7.6 7.6 7.6 7.5 7.5 7.5 7.5 7.5 7.4 7.4 7.3 7.3 7.2 7.1 7 6.9 6.8 6.6 6.4 6.2 5.9 5.6 5.3 
5.3 5.6 5.9 6.1 6.4 6.6 6.7 6.9 7 7.1 7.2 7.2 7.3 7.3 7.4 7.4 7.4 7.4 7.5 7.5 7.5 7.5 7.5 7.5 7.5 7.5 7.5 7.5 7.5 7.5 7.5 7.5 7.5 7.5 7.4 7.4 7.4 7.4 7.3 7.3 7.2 7.2 7.1 7 6.9 6.7 6.6 6.4 6.1 5.9 5.6 5.3 
5.3 5.6 5.9 6.1 6.3 6.5 6.7 6.8 6.9 7 7.1 7.2 7.2 7.3 7.3 7.3 7.4 7.4 7.4 7.4 7.4 7.4 7.4 7.4 7.4 7.4 7.4 7.4 7.4 7.4 7.4 7.4 7.4 7.4 7.4 7.4 7.3 7.3 7.3 7.2 7.2 7.1 7 6.9 6.8 6.7 6.5 6.3 6.1 5.9 5.6 5.3 
5.3 5.6 5.8 6.1 6.3 6.5 6.6 6.8 6.9 7 7 7.1 7.1 7.2 7.2 7.3 7.3 7.3 7.3 7.3 7.3 7.3 7.4 7.4 7.4 7.4 7.4 7.4 7.4 7.4 7.3 7.3 7.3 7.3 7.3 7.3 7.3 7.2 7.2 7.1 7.1 7 7 6.9 6.8 6.6 6.5 6.3 6.1 5.8 5.6 5.3 
5.3 5.6 5.8 6 6.2 6.4 6.6 6.7 6.8 6.9 6.9 7 7.1 7.1 7.1 7.2 7.2 7.2 7.2 7.2 7.2 7.2 7.3 7.3 7.3 7.3 7.3 7.3 7.3 7.3 7.2 7.2 7.2 7.2 7.2 7.2 7.2 7.1 7.1 7.1 7 6.9 6.9 6.8 6.7 6.6 6.4 6.2 6 5.8 5.6 5.3 
5.3 5.5 5.8 6 6.2 6.4 6.5 6.6 6.7 6.8 6.9 6.9 7 7 7 7.1 7.1 7.1 7.1 7.1 7.1 7.1 7.1 7.1 7.2 7.2 7.2 7.2 7.1 7.1 7.1 7.1 7.1 7.1 7.1 7.1 7.1 7 7 7 6.9 6.9 6.8 6.7 6.6 6.5 6.4 6.2 6 5.8 5.5 5.3 
5.3 5.5 5.7 5.9 6.1 6.3 6.4 6.5 6.6 6.7 6.7 6.8 6.8 6.9 6.9 6.9 7 7 7 7 7 7 7 7 7 7 7 7 7 7 7 7 7 7 7 7 6.9 6.9 6.9 6.8 6.8 6.7 6.7 6.6 6.5 6.4 6.3 6.1 5.9 5.7 5.5 5.3 
5.2 5.5 5.7 5.9 6.1 6.2 6.3 6.4 6.5 6.6 6.6 6.7 6.7 6.7 6.8 6.8 6.8 6.8 6.8 6.8 6.9 6.9 6.9 6.9 6.9 6.9 6.9 6.9 6.9 6.9 6.9 6.9 6.8 6.8 6.8 6.8 6.8 6.8 6.7 6.7 6.7 6.6 6.6 6.5 6.4 6.3 6.2 6.1 5.9 5.7 5.5 5.2 
5.2 5.4 5.6 5.8 6 6.1 6.2 6.3 6.4 6.4 6.5 6.5 6.6 6.6 6.6 6.6 6.6 6.7 6.7 6.7 6.7 6.7 6.7 6.7 6.7 6.7 6.7 6.7 6.7 6.7 6.7 6.7 6.7 6.7 6.7 6.6 6.6 6.6 6.6 6.6 6.5 6.5 6.4 6.4 6.3 6.2 6.1 6 5.8 5.6 5.4 5.2 
5.2 5.4 5.6 5.7 5.8 6 6.1 6.1 6.2 6.3 6.3 6.3 6.4 6.4 6.4 6.4 6.4 6.5 6.5 6.5 6.5 6.5 6.5 6.5 6.5 6.5 6.5 6.5 6.5 6.5 6.5 6.5 6.5 6.5 6.5 6.4 6.4 6.4 6.4 6.4 6.3 6.3 6.3 6.2 6.1 6.1 6 5.8 5.7 5.6 5.4 5.2 
5.2 5.3 5.5 5.6 5.7 5.8 5.9 5.9 6 6.1 6.1 6.1 6.2 6.2 6.2 6.2 6.2 6.2 6.2 6.2 6.3 6.3 6.3 6.3 6.3 6.3 6.3 6.3 6.3 6.3 6.3 6.3 6.2 6.2 6.2 6.2 6.2 6.2 6.2 6.2 6.1 6.1 6.1 6 5.9 5.9 5.8 5.7 5.6 5.5 5.3 5.2 
5.1 5.2 5.3 5.4 5.5 5.6 5.7 5.7 5.8 5.8 5.9 5.9 5.9 5.9 5.9 5.9 6 6 6 6 6 6 6 6 6 6 6 6 6 6 6 6 6 6 6 6 5.9 5.9 5.9 5.9 5.9 5.9 5.8 5.8 5.7 5.7 5.6 5.5 5.4 5.3 5.2 5.1 
5.1 5.1 5.2 5.3 5.3 5.4 5.4 5.5 5.5 5.5 5.6 5.6 5.6 5.6 5.6 5.7 5.7 5.7 5.7 5.7 5.7 5.7 5.7 5.7 5.7 5.7 5.7 5.7 5.7 5.7 5.7 5.7 5.7 5.7 5.7 5.7 5.7 5.6 5.6 5.6 5.6 5.6 5.5 5.5 5.5 5.4 5.4 5.3 5.3 5.2 5.1 5.1 
5 5 5 5 5.1 5.1 5.1 5.2 5.2 5.2 5.2 5.3 5.3 5.3 5.3 5.3 5.3 5.3 5.3 5.3 5.3 5.3 5.3 5.3 5.3 5.3 5.3 5.3 5.3 5.3 5.3 5.3 5.3 5.3 5.3 5.3 5.3 5.3 5.3 5.3 5.3 5.2 5.2 5.2 5.2 5.1 5.1 5.1 5 5 5 5 
4.9 4.8 4.8 4.8 4.8 4.8 4.8 4.8 4.8 4.9 4.9 4.9 4.9 4.9 4.9 4.9 4.9 4.9 4.9 4.9 4.9 5 5 5 5 5 5 5 5 5 5 4.9 4.9 4.9 4.9 4.9 4.9 4.9 4.9 4.9 4.9 4.9 4.9 4.8 4.8 4.8 4.8 4.8 4.8 4.8 4.8 4.9 
4.7 4.6 4.5 4.4 4.4 4.4 4.4 4.4 4.4 4.4 4.5 4.5 4.5 4.5 4.5 4.5 4.5 4.5 4.5 4.5 4.5 4.5 4.5 4.5 4.5 4.5 4.5 4.5 4.5 4.5 4.5 4.5 4.5 4.5 4.5 4.5 4.5 4.5 4.5 4.5 4.5 4.5 4.4 4.4 4.4 4.4 4.4 4.4 4.4 4.5 4.6 4.7 
4.5 4.2 4.1 4 4 4 4 4 4 4 4 4 4 4 4 4 4 4 4 4 4 4 4 4 4 4 4 4 4 4 4 4 4 4 4 4 4 4 4 4 4 4 4 4 4 4 4 4 4 4.1 4.2 4.5 
4.1 3.7 3.6 3.5 3.5 3.5 3.5 3.5 3.5 3.5 3.5 3.5 3.5 3.5 3.5 3.5 3.5 3.5 3.5 3.5 3.5 3.5 3.5 3.5 3.5 3.5 3.5 3.5 3.5 3.5 3.5 3.5 3.5 3.5 3.5 3.5 3.5 3.5 3.5 3.5 3.5 3.5 3.5 3.5 3.5 3.5 3.5 3.5 3.5 3.6 3.7 4.1 
